CustID	TripID	DatePch	SaleAmt	SalesQty
630001	93	2004-01-27	6317	6
630001	418	2005-09-30	4369	3
630182	139	2004-11-02	8087	3
630201	139	2004-11-02	8087	3
630532	94	2004-09-07	1539	1
630532	268	2005-06-23	5019	1
630532	516	2006-04-28	11149	1
630770	21	2004-06-07	2379	1
630770	84	2004-08-21	2299	1
630770	260	2005-08-10	1719	1
630770	198	2005-10-20	1024	2
630847	21	2004-05-28	2379	1
630847	144	2004-07-13	5709	1
630847	192	2005-07-08	1524	1
630847	244	2005-11-09	1669	1
630847	322	2005-11-17	3659	1
630847	411	2006-02-08	1652	1
630847	434	2006-03-29	1319	1
630912	121	2004-08-17	4248	2
630912	144	2005-01-24	7108	3
630912	422	2006-02-03	2798	1
631089	119	2004-08-20	2584	1
631089	188	2004-11-14	8723	3
631089	284	2005-12-12	2549	1
631091	66	2004-08-25	2396	3
631091	189	2004-10-27	6174	2
631135	5	2003-11-10	2553	1
631135	142	2005-04-27	10457	2
631135	283	2005-11-08	4229	3
631135	279	2005-11-08	4229	3
631681	37	2003-07-25	2694	3
631681	168	2004-08-19	1838	1
631681	290	2005-05-16	2227	2
631681	431	2006-05-10	2219	1
632087	288	2005-05-20	2127	2
632087	522	2006-05-10	8249	1
632640	139	2004-07-22	12257	5
634126	134	2004-05-17	5887	3
634126	206	2004-11-16	8918	3
634126	320	2005-12-15	4749	1
634325	24	2004-06-02	1771	1
634325	144	2004-07-13	5709	1
635107	188	2004-10-30	5574	1
635107	421	2005-09-28	2069	1
635753	36	2003-05-14	4874	3
635753	17	2003-05-14	2954	1
635753	66	2004-10-18	938	1
635753	166	2004-11-19	3459	1
635753	97	2004-12-09	968	1
635753	269	2006-03-08	2669	1
636206	26	2003-05-20	2479	1
636206	88	2004-07-13	3248	3
636206	274	2005-05-19	1419	4
636206	420	2005-10-03	1829	1
636206	236	2006-01-04	894	2
636206	476	2006-05-01	2298	2
636663	279	2005-11-03	8099	2
636663	283	2005-11-03	8099	2
637319	321	2005-08-01	7697	2
637483	142	2005-05-09	5338	3
637483	278	2005-07-14	3059	1
637483	282	2005-07-14	3059	1
638968	4	2003-09-26	2154	1
638968	61	2003-10-03	14000	11
638968	139	2005-03-16	410	1
638968	168	2005-03-16	164	2
638996	141	2004-04-23	10009	1
639235	430	2006-02-13	7671	1
640299	178	2005-08-01	3418	6
640299	185	2005-09-20	2277	3
640299	291	2006-04-17	2127	2
640299	309	2006-05-11	4804	1
640299	514	2006-05-12	3197	1
642521	21	2004-03-22	4154	3
642521	321	2005-08-01	7697	4
642521	235	2006-01-19	919	1
643264	438	2006-02-07	7171	2
643592	66	2004-06-23	2185	3
643592	257	2006-01-12	1719	1
643592	409	2006-04-26	2169	1
643592	460	2006-05-03	1919	1
643985	144	2004-04-27	6937	3
643985	180	2005-06-03	3643	3
645617	279	2006-02-16	4229	1
645617	283	2006-02-16	4229	1
646989	178	2005-06-07	4872	4
646989	320	2005-09-20	4649	1
648849	116	2004-06-15	2324	1
648849	147	2004-11-15	2759	2
648849	272	2005-04-15	2219	2
649451	438	2006-02-24	7171	1
650783	4	2003-12-04	754	1
650783	115	2004-02-09	2174	1
650783	185	2005-07-20	1828	1
650783	417	2005-11-17	3469	1
651097	54	2003-08-29	2899	1
651097	21	2004-04-22	4488	4
651097	166	2004-05-10	3384	4
651097	417	2005-10-03	3569	2
651185	39	2003-02-21	2404	4
651185	94	2004-08-30	1539	2
651185	185	2005-02-08	1808	3
651185	417	2005-11-17	3469	1
651208	36	2003-06-17	4818	2
651208	114	2004-01-17	1799	3
651208	144	2004-07-26	6109	1
651208	145	2004-09-23	3084	2
651208	245	2005-12-19	1424	2
651393	36	2003-11-17	5373	4
651393	93	2004-01-27	6148	4
651969	36	2003-11-17	5339	3
651969	93	2004-01-27	6148	4
652085	54	2003-02-20	3174	2
652085	515	2006-05-09	6549	1
652120	58	2003-08-22	9477	6
652120	179	2004-07-29	5702	3
652120	321	2005-07-28	5698	1
652120	429	2005-09-20	5959	1
652488	37	2003-05-22	2799	2
652488	67	2003-09-12	2038	4
652488	179	2004-07-26	5702	3
652488	300	2005-07-12	40	1
652488	246	2005-09-20	1969	1
652488	288	2005-09-20	2127	2
652488	466	2006-03-17	3378	1
652556	74	2004-01-23	3649	1
652556	208	2005-05-23	2574	2
652556	272	2005-11-13	2069	1
652556	480	2006-05-01	4898	1
652565	56	2003-09-09	8419	1
652565	189	2004-09-21	9467	4
652565	277	2005-08-04	3659	1
652753	19	2003-05-13	1448	1
652753	168	2004-05-18	1788	1
652753	288	2005-07-19	2127	2
652753	524	2006-05-18	2008	1
652772	15	2002-07-24	1832	3
652772	96	2003-12-29	1324	1
652772	75	2004-01-29	3418	2
652772	21	2004-05-28	2379	2
652772	147	2004-10-01	2859	2
652772	242	2005-02-08	3884	2
652772	288	2005-05-18	1628	1
652772	321	2005-08-01	5698	1
652772	454	2006-02-13	3919	1
652772	479	2006-05-10	4798	1
652772	525	2006-05-18	1808	1
652803	39	2003-03-25	2543	5
652803	6	2003-10-31	2482	3
652803	21	2004-02-12	4427	6
652803	74	2004-07-27	4867	6
652803	284	2005-07-18	3749	1
652803	185	2005-07-18	1828	1
652842	56	2003-11-07	8419	1
652863	3	2003-01-30	2254	1
652863	33	2003-05-29	1818	3
652863	246	2005-10-27	1769	1
652863	279	2006-04-10	4229	1
652863	283	2006-04-10	4229	1
653270	54	2003-01-14	2954	1
653270	93	2004-01-23	4749	1
653270	207	2004-11-03	3224	1
653270	269	2005-05-18	3919	2
653270	320	2005-08-17	4749	1
653270	505	2006-05-04	7098	1
653270	524	2006-05-19	2058	1
653325	39	2003-11-14	2454	1
653325	18	2004-03-19	99	6
653325	170	2004-05-17	1488	1
653325	94	2004-09-01	1539	1
653325	147	2004-09-29	2898	2
653325	288	2005-05-24	2027	2
653325	421	2005-09-27	2069	1
653557	143	2004-06-29	8309	1
653557	94	2004-11-13	1173	1
653557	283	2005-07-25	4559	1
653557	243	2005-09-17	3019	1
653557	467	2006-03-20	3878	1
653633	62	2003-09-16	10863	3
653641	54	2003-01-29	3054	1
653641	505	2006-05-12	7198	2
653806	21	2004-03-22	4193	4
653806	321	2005-08-01	7697	4
653806	235	2006-01-19	919	1
654074	17	2003-06-10	3143	2
654074	447	2006-05-02	6598	1
654136	46	2003-10-07	1854	1
654136	27	2004-05-10	2379	2
654136	160	2004-07-20	1784	1
654136	260	2005-06-09	1719	1
654480	40	2003-01-31	2354	1
654480	56	2004-01-16	8419	1
654480	21	2004-05-17	2818	2
654480	79	2005-03-11	1849	1
654480	285	2005-04-25	4048	2
654480	466	2006-03-14	3378	1
654481	25	2003-07-09	2579	1
654481	142	2004-07-13	5126	4
654481	487	2006-05-09	4349	1
654509	67	2003-11-05	1988	3
654509	305	2005-08-12	20	1
654509	185	2005-08-12	928	1
654509	395	2005-11-18	2428	1
654509	487	2006-05-09	4349	1
654615	142	2004-04-26	5388	2
654615	170	2005-03-21	963	2
654615	248	2005-05-16	1684	1
654615	210	2005-09-19	1394	2
654629	139	2004-06-28	8086	4
654906	39	2003-01-08	2504	4
654906	3	2003-01-30	2453	2
654906	144	2004-04-26	6188	2
654906	321	2005-07-27	5698	1
655145	38	2003-04-22	2604	4
655145	76	2004-04-15	2749	1
655145	246	2005-10-28	1769	1
655182	58	2003-09-11	9317	7
655182	321	2005-07-27	5698	1
655774	144	2004-06-21	5938	2
655774	321	2006-03-04	5857	2
655799	168	2004-06-22	1988	2
655799	179	2005-05-13	3593	3
655799	288	2005-05-16	2027	2
655964	39	2003-04-15	2454	1
655964	74	2004-04-16	3549	1
655964	288	2005-05-18	2027	2
656030	93	2004-01-27	4918	2
656030	269	2005-05-19	2669	1
656030	467	2006-04-27	3878	1
656038	19	2004-01-24	1498	1
656038	139	2004-04-26	8126	6
656039	19	2004-01-24	1498	1
656039	139	2004-04-26	8126	6
656069	20	2004-01-24	3879	1
656069	143	2004-08-11	9338	2
656069	183	2004-08-12	8249	1
656074	148	2004-06-28	2609	2
656074	278	2005-04-18	3359	1
656074	398	2006-03-16	2328	2
656478	93	2004-08-09	5318	2
656478	505	2006-05-01	7198	1
656479	93	2004-08-09	5318	2
656479	505	2006-05-01	7198	1
656571	118	2004-08-09	2549	2
656571	207	2005-04-13	3274	1
656571	418	2005-10-07	4369	1
656621	118	2004-08-09	2524	1
656621	167	2005-01-12	5783	3
656621	417	2005-10-03	6768	1
656624	118	2004-08-10	2524	1
656624	149	2005-01-19	859	3
656624	207	2005-09-06	2154	3
656624	244	2005-11-09	1669	1
656624	464	2006-03-15	500	1
656624	279	2006-04-13	3672	3
657014	58	2003-08-27	8006	5
657583	55	2003-04-04	2994	3
657583	3	2003-06-12	2354	1
657583	167	2004-04-23	3134	1
657583	116	2004-06-28	1324	4
657583	94	2004-11-13	1389	1
657583	269	2005-04-15	3919	1
657583	207	2005-07-06	1294	2
657583	417	2005-09-27	3569	1
657731	296	2005-07-28	2898	1
657731	269	2006-03-15	5019	1
658618	33	2003-04-30	1918	2
658618	139	2004-05-08	6486	5
661794	33	2003-04-30	1879	1
661794	139	2004-05-08	6486	5
664036	242	2005-11-08	4019	1
664036	441	2006-02-09	3919	1
664095	139	2004-10-29	8376	5
664095	308	2005-08-01	3649	1
664095	243	2006-01-03	1669	1
664095	271	2006-03-09	1719	1
664095	464	2006-03-15	250	1
666209	164	2004-05-17	1434	1
666209	170	2005-04-16	863	1
666209	278	2005-05-16	2979	1
666209	282	2005-05-16	2979	1
666504	166	2004-06-10	3334	1
666504	269	2006-01-19	4019	1
666687	136	2004-03-14	1198	1
666687	143	2004-10-11	9109	1
666687	177	2005-01-31	11931	4
668207	142	2004-04-29	4909	1
668207	189	2005-11-05	2275	1
668207	277	2006-05-09	2409	1
668207	281	2006-05-09	3408	3
668207	466	2006-05-09	3378	1
670746	448	2006-03-15	7774	1
671992	142	2005-03-22	5338	2
671992	278	2006-05-11	2887	3
673022	164	2004-05-17	1473	2
673022	170	2005-04-16	863	1
673022	278	2005-05-16	2979	1
673022	282	2005-05-16	2979	1
673596	179	2004-09-07	7031	4
673596	210	2005-09-20	1699	2
673596	308	2005-09-20	3549	1
673596	272	2005-11-13	1719	1
673596	487	2006-05-01	4349	2
673806	169	2004-08-16	1937	3
673806	288	2005-05-17	1628	1
673806	488	2006-05-10	5249	1
673912	210	2005-10-18	725	2
673912	269	2005-10-18	2720	2
673912	505	2006-05-02	7098	1
674063	518	2006-05-08	10271	1
674990	167	2004-04-23	3134	1
674990	116	2004-06-28	2324	4
674990	94	2004-11-13	1389	1
674990	269	2005-04-15	3919	1
674990	207	2005-07-06	3294	2
674990	417	2005-09-27	3569	1
675248	21	2004-06-07	2379	1
675248	84	2004-08-21	2299	1
675248	258	2005-08-09	1769	2
675248	211	2005-09-02	1599	1
676159	97	2004-12-06	1239	1
676159	208	2005-03-09	2674	1
676159	243	2005-08-09	2369	2
676159	280	2005-11-08	3859	1
677856	74	2004-04-29	5807	3
677856	270	2006-03-23	1669	2
680698	139	2005-02-16	8475	5
680865	147	2004-05-07	2634	2
680865	118	2004-06-30	2149	3
680865	284	2005-05-19	3749	4
680865	474	2006-04-07	2019	2
680927	93	2004-01-27	6317	6
680927	418	2005-09-30	4369	3
680958	57	2003-08-27	8019	1
680958	321	2006-03-01	7697	3
680968	40	2003-01-30	2389	2
680968	179	2004-07-22	5881	5
680968	421	2005-09-28	2069	1
681225	277	2006-03-04	5358	1
681225	281	2006-03-04	5358	1
681339	124	2004-07-20	2013	2
681339	321	2005-08-03	5698	1
681388	5	2003-12-02	255	1
681388	285	2005-11-18	2349	1
681388	410	2006-03-14	2169	1
681388	467	2006-03-14	3878	1
681489	58	2003-09-11	9317	7
681489	321	2005-07-27	5698	1
682128	181	2005-01-11	5981	8
682128	421	2005-09-21	2369	2
682420	143	2004-08-17	9626	7
682420	288	2005-07-25	2127	2
682420	421	2005-10-04	2069	1
682471	58	2004-02-09	9118	6
682471	21	2004-02-12	4768	6
682471	277	2005-04-27	2999	1
682471	281	2005-04-27	2949	1
682471	246	2005-11-07	1769	1
682485	2	2003-01-30	2154	1
682485	22	2004-05-25	1829	1
682485	66	2004-07-31	1088	1
682485	100	2004-10-28	839	2
682485	84	2005-03-24	2996	2
682485	258	2005-10-28	320	1
682485	510	2006-05-01	2223	1
682564	430	2006-05-16	7671	1
682570	26	2003-07-15	2616	4
682570	170	2004-07-14	1586	3
682570	260	2005-05-17	1619	1
682570	489	2006-04-28	3949	2
682596	97	2004-12-13	968	1
682596	166	2004-12-13	3559	1
682596	178	2005-07-27	3997	3
682596	242	2005-11-14	2669	1
682596	320	2006-03-01	4749	1
682606	68	2004-01-24	1588	2
682606	79	2004-11-19	2759	4
682606	288	2005-05-18	2027	4
682606	180	2005-05-23	3543	6
682765	57	2003-08-26	8044	2
682765	190	2004-09-23	9738	3
682765	321	2005-07-20	5698	1
682895	24	2003-06-05	2679	1
682895	142	2004-07-13	4909	1
683128	274	2006-02-16	1719	1
683128	472	2006-04-06	8171	1
683134	58	2003-09-12	7778	3
683134	321	2005-07-25	5698	2
683174	515	2006-05-04	7349	1
683288	62	2003-09-05	10918	5
683295	143	2004-04-26	9375	6
683295	269	2005-07-07	3919	1
683295	279	2005-07-19	4559	1
683295	488	2006-04-28	5349	2
683328	36	2003-04-30	4959	1
683328	283	2005-11-05	4659	1
683330	143	2004-05-24	9787	3
683588	31	2003-11-10	2098	2
683588	418	2005-09-27	8368	1
683852	56	2003-08-27	8419	1
683852	321	2005-08-08	5698	4
683852	305	2005-08-08	20	1
684296	143	2004-08-17	9626	7
684296	288	2005-07-25	2127	2
684296	421	2005-10-04	2069	1
684399	21	2003-10-31	3779	4
684399	290	2005-07-05	2327	3
684399	481	2006-05-10	1848	1
684675	21	2004-06-02	3779	1
684675	189	2004-10-14	6174	1
684675	492	2006-05-08	3578	1
684729	61	2003-08-27	11719	1
684729	418	2005-09-28	4369	1
684729	505	2006-05-04	7198	1
684896	147	2004-05-07	2673	3
684896	118	2004-06-30	2188	4
684896	284	2005-05-19	3749	4
684896	474	2006-04-07	2019	2
685008	18	2003-05-13	1248	1
685008	66	2003-09-19	1238	3
685008	170	2004-05-19	1537	3
685008	181	2004-08-10	4552	9
685008	291	2005-09-23	2127	2
685008	403	2005-10-31	1829	1
685029	116	2004-06-15	2324	1
685029	147	2004-11-15	2759	2
685029	272	2005-04-15	2219	2
685139	3	2002-08-30	2254	1
685139	68	2004-05-11	1788	3
685139	185	2004-11-23	2174	7
685139	412	2005-11-17	2169	1
685282	29	2003-10-15	2653	3
685282	98	2004-07-14	1652	9
685282	248	2005-02-08	2214	4
685282	391	2005-08-01	2349	2
685282	431	2006-02-12	2219	1
685350	40	2003-02-27	2439	5
685350	179	2004-07-26	6457	3
685350	179	2004-07-26	79	1
685350	283	2005-09-20	3763	1
685399	58	2003-08-22	9118	3
685399	321	2005-08-11	5698	1
685480	39	2003-03-25	2543	5
685480	6	2003-10-31	733	3
685480	21	2004-02-12	4427	6
685480	74	2004-07-27	4867	6
685480	185	2005-07-18	928	1
685480	284	2005-07-18	3749	1
685544	21	2003-06-05	3848	2
685544	178	2005-05-02	4631	10
685716	24	2003-06-25	2679	1
685716	142	2004-07-13	5126	4
685716	228	2005-07-08	1969	1
685716	273	2006-02-12	1469	1
685716	313	2006-04-26	2249	2
685716	487	2006-05-09	4349	2
685778	24	2004-05-14	5297	2
685778	118	2004-07-13	2088	3
685778	93	2004-11-15	4649	1
685873	15	2002-07-24	1832	3
685873	96	2003-12-29	1324	1
685873	75	2004-01-29	3418	2
685873	147	2004-10-01	2859	2
685873	242	2005-02-08	3884	2
685873	288	2005-05-18	1628	1
685873	321	2005-08-01	5698	1
685873	454	2006-02-13	3919	1
685873	479	2006-05-10	4798	1
685873	525	2006-05-18	1808	1
685995	24	2004-01-07	2668	2
685995	94	2004-11-16	1572	2
685995	284	2005-10-26	3048	2
686076	17	2003-05-14	3293	2
686076	21	2003-05-15	3718	2
686076	170	2004-07-14	1488	1
686076	179	2005-05-11	3893	4
686076	439	2006-02-08	2319	1
686282	68	2003-11-10	1683	5
686282	185	2004-11-19	1778	1
686282	271	2005-11-18	1719	1
686282	488	2006-04-28	5349	1
686380	56	2003-12-17	8618	2
686418	60	2003-10-09	6519	2
686418	211	2005-09-27	2349	2
686624	14	2003-09-05	1454	1
686624	129	2004-01-31	1299	2
686624	153	2005-02-11	1998	2
686624	298	2005-07-29	60	1
686624	321	2005-08-04	5698	1
686666	3	2002-08-30	2254	1
686666	76	2004-01-30	4317	3
686666	271	2005-05-25	2219	1
686666	480	2006-05-01	4798	1
687102	17	2002-08-30	3054	1
687102	62	2003-08-27	10719	1
687102	36	2004-01-30	4679	2
687102	143	2004-07-20	8309	1
687102	285	2005-11-14	2349	1
687102	279	2006-03-14	4559	1
687102	467	2006-03-14	3878	1
687102	283	2006-03-27	4559	1
687206	220	2004-12-02	5574	1
687206	451	2006-05-03	5698	1
687462	39	2003-01-24	2454	1
687462	149	2004-05-07	2598	5
687462	213	2004-12-13	2299	2
687642	77	2004-05-11	2749	1
687642	288	2005-06-22	2127	2
687642	506	2006-05-10	2998	1
687774	18	2003-05-29	1258	1
687774	23	2003-05-29	2418	5
687774	8	2003-06-12	1054	1
687774	121	2004-01-28	1974	1
687774	170	2005-03-15	963	1
687774	288	2005-05-17	2027	2
687774	525	2006-05-18	1808	1
687847	24	2003-12-10	3472	5
687847	139	2004-07-13	8076	5
687847	209	2004-11-22	1944	3
687847	421	2005-09-28	2069	1
687952	56	2003-08-26	8778	3
687952	321	2005-07-19	5698	1
688082	17	2003-11-05	3054	1
688082	119	2004-08-04	2424	1
688082	144	2004-08-09	6788	2
688082	279	2006-05-12	3647	3
688252	58	2003-09-11	7419	1
688324	30	2003-05-15	1979	1
688324	148	2004-10-02	2873	3
688324	181	2005-04-14	4302	6
688324	276	2005-04-18	3499	1
688324	280	2005-04-18	3499	1
688324	301	2005-07-22	349	1
688324	290	2005-08-08	2327	2
688324	208	2005-09-20	1804	3
688324	244	2005-10-26	1569	2
688324	412	2006-02-07	2169	1
688324	466	2006-03-27	3378	1
688324	487	2006-04-14	4349	1
688324	309	2006-05-10	2577	1
688576	62	2003-10-09	10719	1
688576	404	2006-03-06	4557	2
688603	116	2004-04-15	2363	3
688603	147	2004-11-16	1709	1
688603	179	2005-05-02	5702	8
688859	3	2003-03-14	2254	1
688859	179	2004-12-14	5702	3
688859	281	2005-11-15	2859	1
688990	36	2003-04-25	5159	3
688990	63	2003-10-16	10361	8
688990	143	2004-04-26	5358	2
688990	116	2004-08-23	2304	8
688990	191	2004-09-17	11196	5
688990	321	2005-07-25	7697	2
688990	428	2005-11-02	8309	1
688990	283	2006-02-24	2859	1
688990	467	2006-03-14	3878	1
689426	19	2003-06-30	1398	1
689426	114	2004-02-25	6824	2
689426	321	2005-08-11	5698	1
689528	40	2003-01-30	2354	1
689528	74	2004-04-16	3549	1
689528	431	2006-02-06	2319	2
689569	18	2003-09-03	1298	1
689569	168	2004-05-18	1788	2
689569	213	2004-10-20	1674	15
689569	421	2005-09-29	2069	1
689569	246	2005-11-13	1669	2
689569	508	2006-05-05	3098	2
689649	144	2004-04-26	5709	1
689649	283	2006-05-05	3059	2
690083	36	2003-06-06	4848	2
690083	134	2004-07-20	2924	1
690083	284	2005-06-21	3749	1
690505	62	2003-10-09	10719	1
690515	4	2003-08-19	2154	1
690515	116	2004-01-28	4003	4
690515	78	2005-02-21	4948	1
690515	322	2005-08-31	5409	1
690515	411	2006-02-21	2269	1
690868	430	2006-02-10	7671	1
691114	17	2003-11-05	3054	1
691114	119	2004-08-04	2424	1
691114	144	2004-08-09	6788	2
691114	279	2006-05-12	3647	3
691267	54	2003-02-20	3174	2
691267	515	2006-05-09	6549	1
691382	66	2004-02-09	1488	2
691382	220	2004-11-30	5574	1
691382	284	2005-12-14	2948	2
691382	488	2006-04-24	5349	1
691466	44	2003-01-31	1854	1
691466	142	2004-04-26	5138	3
691466	403	2005-11-30	1829	2
691536	29	2003-10-15	2653	3
691536	98	2004-07-14	1652	9
691536	248	2005-02-08	2214	4
691536	391	2005-08-01	2349	2
691536	431	2006-02-12	2219	1
691653	188	2004-10-07	5574	1
691653	86	2005-04-04	1249	1
691653	284	2006-01-10	2948	2
691653	430	2006-03-14	7671	1
691716	58	2003-12-05	7419	2
691927	54	2003-01-14	3054	1
691927	270	2006-02-17	2319	1
691927	282	2006-05-01	2259	1
691931	74	2004-04-19	5048	2
691931	179	2005-05-25	6032	3
692069	42	2003-09-29	2054	1
692069	142	2004-04-26	5138	2
692069	145	2005-02-14	2359	1
692069	421	2005-09-30	2069	1
692199	129	2003-11-07	1643	4
692199	100	2004-12-03	937	1
692199	179	2005-06-02	3993	3
692199	308	2005-08-12	3649	1
692377	5	2002-08-30	2507	3
692377	119	2004-01-28	1813	3
692377	23	2004-02-09	3496	6
692377	142	2004-07-13	6696	4
692377	66	2004-07-14	1238	1
692377	100	2004-11-14	1049	1
692377	284	2005-07-08	3649	1
692405	145	2005-03-04	1809	1
692405	437	2006-04-17	8821	1
692609	17	2002-08-30	1455	1
692609	62	2003-08-27	10719	1
692609	36	2004-01-30	4679	2
692609	143	2004-07-20	8309	1
692609	285	2005-11-14	2349	1
692609	279	2006-03-14	4559	1
692609	467	2006-03-14	3878	1
692609	283	2006-03-27	4559	1
692837	191	2004-10-08	11052	4
693145	39	2003-02-21	2404	4
693145	94	2004-08-30	1539	2
693145	185	2005-02-08	1628	1
693145	417	2005-11-17	3469	1
693516	5	2003-01-30	1954	1
693516	181	2004-08-11	6131	4
693516	322	2005-09-20	5409	1
693516	228	2005-10-26	1544	1
693516	412	2006-02-07	2169	1
693516	487	2006-04-14	4349	1
693599	123	2004-01-15	1693	4
693599	142	2004-06-29	5047	3
693599	79	2005-04-27	1499	1
693599	421	2005-10-13	2069	1
693604	4	2003-10-08	2154	1
693604	116	2004-01-31	2074	2
693604	166	2004-11-14	3459	1
694527	3	2003-01-08	2354	1
694527	95	2004-01-30	2113	2
694527	76	2004-01-30	2918	2
694527	271	2005-05-19	2319	1
694527	480	2006-05-01	4798	1
694687	39	2003-02-26	2454	1
694687	179	2005-06-06	5102	3
694687	313	2005-08-29	2349	2
694989	209	2005-01-05	1949	3
694989	321	2005-08-04	5698	1
694989	188	2005-11-11	2574	1
694989	466	2006-03-14	3378	1
695144	55	2003-04-25	5653	1
695144	277	2006-05-15	4459	1
695182	62	2003-09-05	12321	6
695290	37	2003-09-17	2669	2
695290	116	2004-04-17	2074	1
695290	147	2004-04-21	2634	2
695290	185	2004-11-27	2126	4
695290	272	2005-10-24	2019	1
695405	39	2003-01-08	2504	4
695405	144	2004-04-26	6188	2
695405	321	2005-07-27	5698	1
695888	58	2003-08-29	7778	4
695888	139	2005-02-07	7697	3
695888	247	2005-07-07	2269	2
696411	37	2003-04-10	2654	1
696411	142	2004-04-28	4909	1
696572	37	2003-09-17	2669	2
696572	116	2004-04-17	2074	1
696572	147	2004-04-21	2634	2
696572	185	2004-11-27	2126	4
696572	272	2005-10-24	2019	1
696903	58	2003-11-13	7419	2
697114	56	2003-10-23	10477	7
697114	320	2005-08-10	4749	1
697425	100	2004-12-06	937	1
697425	170	2005-03-24	1012	2
697425	321	2005-08-02	5698	1
698462	170	2004-07-15	1587	2
698462	288	2005-05-17	2027	2
698462	179	2005-05-31	3593	5
698795	4	2003-12-04	2154	1
698795	115	2004-02-09	2174	1
698795	185	2005-07-20	928	1
698795	417	2005-11-17	3469	1
698939	144	2004-07-16	6388	2
698939	270	2005-10-21	3019	1
698956	36	2003-11-26	5491	6
698956	183	2004-07-16	8448	3
698956	283	2005-09-22	4229	1
698956	279	2005-09-22	4229	1
699070	45	2003-12-05	1904	1
699070	156	2004-04-27	2084	1
699070	258	2005-10-25	1719	1
699070	414	2006-05-17	2069	1
699139	59	2003-11-26	8977	10
699175	5	2003-12-09	2253	2
699175	144	2004-07-09	5857	3
699175	118	2004-07-16	2149	3
699175	169	2005-01-14	1812	2
699175	321	2005-08-03	5698	1
699175	186	2005-08-18	928	1
699175	409	2005-11-17	2169	1
699210	36	2003-11-26	5418	4
699210	183	2004-07-16	8448	3
699210	283	2005-09-22	4229	1
699210	279	2005-09-22	4229	1
699281	5	2003-12-09	953	2
699281	144	2004-07-09	5857	3
699281	118	2004-07-16	2149	3
699281	169	2005-01-14	1812	2
699281	186	2005-08-18	1628	1
699281	409	2005-11-17	2169	1
699285	6	2003-11-10	754	1
699285	188	2004-10-18	5574	2
699285	492	2006-05-08	3578	1
699327	144	2004-04-27	6937	3
699327	180	2005-06-03	3643	3
699505	59	2003-11-26	8977	10
699536	39	2003-09-30	2504	4
699536	148	2004-06-28	2648	3
699536	278	2005-04-18	3359	1
699536	398	2006-03-16	2328	2
699573	18	2004-02-27	1098	1
699573	168	2004-05-18	1886	3
699573	288	2005-05-16	2127	2
699573	487	2006-05-10	4249	2
699662	37	2003-06-06	2654	1
699662	168	2004-04-23	1902	2
699662	97	2004-12-16	968	1
699662	282	2005-08-05	3359	1
699680	137	2004-05-15	12409	1
699680	283	2005-07-14	4229	1
699802	144	2004-06-03	5938	2
699802	208	2005-09-19	1469	2
699802	412	2005-11-14	2169	1
699955	139	2004-04-30	7876	4
699958	74	2004-01-23	3649	1
699958	208	2005-05-23	2574	2
699958	272	2005-11-13	2069	1
699958	480	2006-05-01	4898	1
699966	21	2004-04-27	4534	3
699966	185	2005-04-21	2026	3
699966	417	2005-11-17	3469	1
700469	55	2003-08-14	2954	1
700469	149	2004-04-22	2544	2
700469	272	2005-04-27	2219	1
700482	505	2006-05-11	7198	1
700553	55	2003-06-05	2954	1
700553	144	2004-04-28	5709	1
700772	54	2003-08-29	3409	1
700772	21	2004-04-22	2089	4
700772	166	2004-05-10	3384	4
700772	417	2005-10-03	3569	2
700829	37	2003-06-06	2654	1
700829	168	2004-04-23	1902	2
700829	97	2004-12-16	968	1
700829	282	2005-08-05	3359	1
700863	66	2004-05-10	1488	2
700863	186	2005-08-17	1177	2
700863	285	2005-11-18	2518	2
700863	487	2006-04-20	4349	1
700994	22	2003-12-04	3078	2
700994	153	2004-11-19	2439	1
700994	419	2005-09-28	3769	1
701056	6	2002-07-24	1354	1
701056	50	2002-10-31	1354	1
701056	33	2003-05-08	1879	1
701056	130	2004-01-28	1174	2
701056	87	2004-04-27	1849	2
701056	200	2005-02-02	1574	3
701056	258	2005-04-19	1319	2
701056	317	2005-08-19	1649	1
701056	246	2005-11-09	1669	1
701056	433	2006-02-13	1419	1
701246	37	2003-05-20	2799	2
701246	58	2003-08-22	9143	4
701246	139	2004-04-28	6538	2
701246	179	2004-07-27	6881	4
701246	287	2005-05-19	2328	1
701246	429	2005-09-20	5959	1
701246	313	2005-09-20	1699	1
701246	467	2006-03-20	3878	1
701652	20	2004-01-21	3879	1
701652	307	2006-01-27	3649	1
701652	437	2006-02-11	8821	1
701654	56	2003-11-10	10014	7
701698	75	2004-05-14	4748	3
701698	269	2006-01-05	2669	2
701698	487	2006-04-28	4349	1
701837	139	2005-03-31	8076	4
701837	243	2005-11-14	2119	1
702331	3	2002-08-30	2254	1
702331	40	2003-01-30	2433	4
702331	22	2003-04-29	3822	8
702331	95	2004-02-09	2113	3
702331	77	2004-04-15	4217	3
702331	271	2005-05-18	2219	1
702331	321	2005-08-01	5698	2
702331	480	2006-05-02	4798	2
702380	220	2004-12-13	5574	1
702380	321	2005-08-04	5698	2
702831	62	2004-02-25	12019	1
703026	24	2004-01-06	3073	3
703026	144	2004-08-23	6109	1
703026	279	2005-07-07	4559	2
703165	20	2003-06-12	4247	3
703165	145	2005-01-31	1809	1
703165	209	2005-04-15	1699	1
703197	56	2003-11-10	8778	6
703398	21	2003-11-10	5047	6
703398	76	2004-11-19	3307	3
703398	281	2006-04-27	3258	2
703472	21	2004-02-19	4353	4
703472	207	2004-10-25	3274	3
703521	37	2003-05-20	2654	1
703521	142	2004-04-26	4909	1
703521	122	2004-06-29	1949	2
703578	38	2003-03-28	2554	1
703578	61	2003-11-07	10863	3
703578	189	2004-10-20	9323	3
703786	55	2003-07-15	2954	1
703786	4	2003-12-01	683	3
703786	76	2004-01-29	5067	17
703786	98	2004-12-22	953	1
703786	292	2005-05-23	1898	1
703835	40	2003-04-23	2354	1
703835	167	2004-04-22	3384	3
703835	270	2005-04-15	2919	1
703898	38	2003-02-28	2574	2
703898	21	2004-06-08	2404	1
703898	180	2004-07-30	4777	3
703898	284	2005-07-12	3749	2
703898	321	2005-08-05	5698	2
703898	467	2006-03-14	3878	1
703911	36	2004-01-24	5418	4
703911	170	2005-03-28	763	1
703911	283	2005-05-13	4119	1
703911	279	2005-05-13	4119	1
703979	21	2004-06-02	3779	1
703979	189	2004-10-14	6174	1
703979	492	2006-05-08	3578	1
704086	24	2003-07-03	2679	1
704086	144	2004-07-19	5886	4
704086	487	2006-05-11	4349	1
704248	55	2003-05-28	2954	1
704248	167	2004-04-21	3134	1
704248	138	2004-09-03	7787	4
704248	179	2004-09-03	8101	4
704248	307	2005-09-20	3649	1
704248	270	2005-11-28	3019	1
704248	488	2006-05-01	5349	2
704319	472	2006-04-12	8171	1
704492	20	2003-06-12	4208	2
704492	145	2005-01-31	1848	2
704492	209	2005-04-15	1699	1
704529	20	2004-02-14	3574	5
704529	147	2005-01-18	2459	1
704529	409	2006-02-27	2269	2
704647	3	2003-01-08	2354	1
704647	74	2004-01-29	5117	3
704647	272	2005-05-19	2219	2
704665	18	2004-02-27	1098	1
704665	168	2004-05-18	1886	3
704665	288	2005-05-16	2127	2
704665	487	2006-05-10	4249	2
704759	38	2003-04-01	2554	1
704759	8	2003-06-25	4922	1
704759	95	2004-04-15	1374	1
704759	168	2004-05-27	1837	2
704759	68	2004-06-03	1687	2
704759	287	2005-05-16	2627	2
704759	281	2005-06-01	3659	2
704759	481	2006-05-11	1848	1
704905	119	2004-08-16	2424	1
704905	179	2004-11-14	4849	1
705017	76	2004-02-27	2849	1
705017	271	2005-05-18	2219	2
705017	409	2005-10-03	2269	1
705017	481	2006-05-04	1848	1
705110	54	2003-02-25	3204	4
705110	140	2004-04-28	10775	5
705110	279	2005-07-07	4559	2
705110	269	2005-07-07	3919	1
705110	488	2006-05-01	5349	1
705298	417	2005-10-17	3569	1
705298	487	2006-05-01	4349	1
705346	5	2002-09-06	2054	1
705346	23	2004-01-30	2718	3
705346	258	2005-10-14	2019	1
705346	278	2005-12-28	3359	2
705354	36	2003-05-14	5483	4
705354	139	2004-07-13	6788	2
705566	157	2004-04-27	2098	3
705566	289	2005-04-29	2627	2
705566	487	2006-05-09	4249	2
706147	188	2004-09-23	8738	3
706182	159	2004-05-27	1923	2
706182	139	2004-12-07	6658	3
706182	281	2005-07-08	3329	1
706182	277	2005-07-08	3329	1
706230	40	2003-04-10	2354	1
706230	479	2006-05-12	4898	1
706322	128	2004-04-08	1624	1
706322	87	2004-11-15	2407	3
706322	264	2005-05-19	1219	1
706322	476	2006-05-02	2298	1
706342	188	2004-10-12	5574	1
706342	492	2006-05-08	3578	1
706551	24	2003-05-22	3087	3
706551	277	2006-05-02	2409	1
706551	281	2006-05-02	2409	1
706634	55	2003-05-08	3004	4
706634	167	2004-04-28	3134	1
706634	280	2005-04-18	3499	1
706634	276	2005-04-18	3499	1
706701	207	2005-04-04	3299	2
706701	283	2005-11-08	4559	1
706745	60	2003-08-29	8846	7
706745	5	2003-11-26	1253	2
706745	23	2004-04-07	2879	3
706745	66	2004-08-28	938	3
706745	139	2004-11-23	7608	2
706745	221	2005-02-10	6174	1
706745	285	2005-05-04	4248	2
706745	321	2006-03-08	5698	1
706745	273	2006-03-08	2619	1
706745	399	2006-04-04	1728	1
706807	23	2004-02-11	3103	5
706807	144	2004-07-13	5938	2
706966	40	2002-11-05	2354	1
706966	179	2004-07-26	6802	6
706966	309	2005-10-31	3649	1
707094	3	2004-01-14	2354	1
707094	177	2005-05-02	7349	1
707094	427	2005-09-20	8659	1
707094	285	2006-01-13	2349	1
707200	139	2005-03-08	8287	3
707200	243	2005-07-15	2919	1
707456	116	2004-07-06	2324	2
707456	207	2004-11-16	3219	3
707456	418	2005-09-30	4369	1
707479	166	2004-04-24	3398	3
707479	488	2006-05-01	5349	1
707495	18	2003-09-03	1298	1
707495	168	2004-06-16	1788	2
707495	213	2004-10-20	1674	16
707495	179	2005-05-13	3593	6
707495	421	2005-09-29	2069	1
707495	246	2005-11-13	1669	2
707495	508	2006-05-05	3098	2
707607	24	2003-12-10	3438	4
707607	139	2004-07-13	8076	5
707607	209	2004-11-22	1944	3
707607	421	2005-09-28	2069	1
707973	144	2004-04-30	5847	3
707973	307	2005-08-10	3749	1
707973	487	2006-04-25	4349	1
708386	448	2006-04-20	7798	1
708522	135	2004-03-15	2398	1
708522	321	2005-07-20	5698	1
708548	68	2004-02-09	1588	15
708548	451	2006-03-04	5698	1
708707	39	2003-03-11	2454	1
708707	88	2004-04-21	1849	1
708707	477	2006-04-25	3998	1
709002	23	2003-09-24	2579	2
709002	144	2004-05-04	5758	2
709263	6	2003-12-09	1129	1
709263	23	2004-05-18	2604	3
709263	139	2004-11-23	6786	8
709263	282	2005-05-25	3059	2
709263	278	2005-05-25	3059	2
709336	37	2003-04-23	2654	1
709336	168	2004-07-13	1838	1
709336	179	2005-05-13	5255	3
709395	24	2003-06-25	2718	2
709395	142	2004-07-13	5126	4
709395	228	2005-07-08	1969	1
709395	273	2006-02-12	1469	1
709395	313	2006-04-26	2249	2
709395	487	2006-05-09	4349	2
709571	23	2004-05-26	1800	1
709571	151	2005-01-05	1959	1
709571	179	2005-06-04	3993	3
709571	272	2006-01-25	1719	1
709654	472	2006-04-07	7671	1
709839	151	2005-01-10	1959	1
709839	178	2005-07-27	3997	3
709839	242	2005-11-14	2669	1
709917	37	2003-05-22	2799	2
709917	67	2003-09-12	2038	4
709917	179	2004-07-26	5702	3
709917	300	2005-07-12	40	1
709917	288	2005-09-20	2127	2
709917	246	2005-09-20	1969	1
709917	466	2006-03-17	3378	1
709925	20	2003-04-29	4339	3
709925	19	2003-04-30	1448	1
709925	321	2005-07-19	5698	2
710011	40	2003-01-31	2354	1
710011	181	2004-07-23	4148	2
710011	479	2006-04-14	4898	1
710040	23	2003-09-16	2457	4
710040	142	2004-07-13	5175	7
710040	247	2005-07-08	2269	1
710141	24	2004-01-27	3542	6
710141	66	2004-09-27	938	1
710141	278	2005-09-20	3109	1
710202	207	2005-01-11	3274	1
710202	283	2005-11-08	4559	1
710202	242	2005-11-30	3319	1
710348	55	2003-02-21	2954	1
710348	166	2004-04-21	3334	1
710348	142	2004-04-26	5588	2
710492	48	2003-01-17	1489	2
710492	285	2005-04-22	3649	1
710492	181	2005-05-05	3043	5
710492	321	2005-07-22	5698	1
710492	465	2006-03-14	3078	1
710652	58	2003-09-05	9394	2
710851	55	2003-01-30	2969	2
710851	148	2004-09-28	2834	2
710851	272	2005-04-18	2219	1
711030	36	2003-05-14	5483	4
711030	139	2004-07-13	6788	2
711245	179	2004-07-23	5543	4
711245	467	2006-03-22	3878	2
711255	7	2003-07-29	1954	1
711255	80	2005-03-30	1764	1
711255	258	2005-05-19	1919	2
711255	431	2006-05-04	2219	2
711355	36	2004-01-24	5418	4
711355	170	2005-03-28	763	1
711355	283	2005-05-13	4119	1
711355	279	2005-05-13	4119	1
711654	21	2003-05-20	3079	4
711654	93	2004-09-28	4843	2
711654	179	2005-05-25	2303	4
711654	288	2005-06-23	2127	2
711654	209	2005-10-17	1074	1
711654	245	2005-12-30	1394	1
711654	409	2006-04-19	2269	1
711654	431	2006-04-19	2319	1
711704	56	2003-10-23	11332	9
711704	179	2004-10-13	6851	9
711704	284	2005-09-20	3499	1
712019	24	2004-01-21	3073	3
712019	144	2004-08-23	6109	1
712019	278	2005-07-07	3259	2
712064	417	2005-10-17	3569	1
712064	487	2006-05-01	4349	1
712403	68	2003-11-10	1588	2
712403	185	2004-11-19	1778	1
712403	271	2005-11-18	1719	1
712403	488	2006-04-28	5349	1
712463	37	2003-05-20	2654	1
712463	142	2004-04-26	4909	1
712463	122	2004-06-29	1949	2
712954	39	2003-02-21	2354	1
712954	147	2004-04-21	2634	1
712954	22	2004-05-27	1829	1
712954	287	2005-04-22	2727	3
712954	481	2006-05-10	1848	1
712967	179	2005-04-29	3593	3
712967	285	2005-11-10	2349	1
712967	466	2006-03-14	3378	1
712991	54	2002-10-25	3054	1
712991	134	2004-04-16	2813	3
712991	166	2004-04-23	3334	1
712991	269	2005-04-15	3919	1
713119	3	2003-01-30	2004	1
713119	274	2006-01-27	1719	1
713119	470	2006-03-20	9271	1
713136	145	2005-02-07	1809	1
713136	283	2005-04-18	4119	2
713136	279	2005-04-18	4119	2
713314	24	2004-01-27	3503	5
713314	160	2004-07-14	1784	1
713314	66	2004-09-27	938	1
713314	179	2005-04-29	2802	8
713314	278	2005-09-20	3109	1
713415	39	2003-02-26	2454	1
713415	74	2004-01-29	3649	1
713415	244	2005-02-15	1934	2
713415	181	2005-05-20	3343	4
713415	288	2005-09-20	2329	1
713415	288	2005-09-20	1728	1
713415	478	2006-04-20	3998	1
713420	20	2004-01-24	3879	1
713420	143	2004-08-11	9338	2
713420	183	2004-08-12	8249	1
713567	38	2003-05-30	2554	1
713567	146	2004-05-03	2759	2
713567	271	2005-04-18	2219	1
713567	483	2006-04-28	2219	1
713580	21	2003-04-30	4017	3
713580	281	2005-04-20	3659	1
714020	33	2003-04-30	2078	2
714020	142	2004-07-13	5477	4
714020	487	2006-04-28	4349	1
714097	135	2004-03-15	2398	1
714097	144	2004-05-24	6188	2
714097	321	2005-07-20	5698	1
714130	33	2003-04-29	2104	2
714130	154	2004-07-14	1459	1
714130	213	2005-01-10	2274	1
714130	509	2006-04-26	3098	2
714254	181	2005-01-11	5981	8
714254	421	2005-09-21	2369	2
714327	21	2004-06-07	2379	1
714327	84	2004-08-21	2299	1
714327	260	2005-08-10	1719	1
714327	192	2005-09-19	1244	4
714734	515	2006-05-04	7349	1
714772	174	2004-05-19	375	1
714772	21	2004-05-25	2379	1
714772	116	2004-07-27	2724	1
714772	101	2004-11-17	1378	2
714772	139	2005-06-10	6609	1
714772	208	2005-08-29	1774	1
714772	246	2005-11-15	1769	1
714772	429	2005-11-22	5959	1
714772	270	2006-02-15	2069	2
714844	18	2004-03-18	748	1
714844	246	2005-11-09	1769	1
714844	398	2006-02-08	2228	1
714844	309	2006-05-08	2956	2
714947	141	2004-04-23	10009	1
715021	3	2003-01-30	2254	1
715021	33	2003-05-29	1779	2
715021	90	2004-01-30	1749	1
715021	279	2006-04-10	4229	1
715021	283	2006-04-10	4229	1
715047	38	2003-04-29	2554	1
715047	146	2004-04-21	2734	1
715047	211	2005-04-15	1599	1
715047	410	2005-11-14	2169	1
715224	116	2004-04-16	2099	2
715224	170	2005-02-08	963	1
715224	269	2005-05-16	3919	1
715224	209	2005-10-26	774	1
715224	505	2006-05-01	7098	2
715224	279	2006-05-03	2958	2
715224	283	2006-05-03	2988	2
715251	42	2003-01-28	2054	1
715251	65	2004-04-16	1288	2
715251	0	2004-11-18	20	1
715251	212	2004-11-23	2194	1
715251	273	2005-11-13	2069	1
715251	460	2006-05-04	1919	1
715421	179	2005-04-29	3593	3
715421	285	2005-11-10	2349	1
715421	466	2006-03-14	3378	1
715482	66	2004-05-10	1488	2
715482	186	2005-08-17	1177	2
715482	285	2005-11-18	2518	2
715482	487	2006-04-20	4349	1
715852	18	2003-08-29	1298	1
715852	168	2004-05-18	1788	1
715852	320	2005-08-03	4749	1
715935	56	2003-08-26	8538	2
716106	36	2003-04-29	5159	3
716106	17	2003-07-17	3054	1
716160	58	2003-08-29	7778	4
716160	139	2005-02-07	7697	3
716160	247	2005-07-07	2269	2
716268	3	2002-09-30	4453	1
716268	54	2003-06-17	6053	1
716268	21	2003-08-14	7178	1
716268	121	2004-10-07	4908	1
716268	166	2004-10-07	6758	1
716268	270	2005-08-31	2219	3
716268	207	2005-08-31	3274	1
716268	246	2005-11-09	1669	1
716268	452	2006-02-22	4118	1
716293	22	2003-12-04	3117	3
716293	153	2004-11-19	2478	2
716293	419	2005-09-28	3769	1
716316	9	2003-01-29	1903	2
716316	59	2003-08-22	8977	6
716316	321	2005-07-26	7697	2
716427	55	2003-05-30	2954	1
716427	139	2005-02-12	8287	3
716427	167	2005-03-05	1959	1
716488	135	2004-03-15	2398	1
716488	321	2005-07-20	5698	1
716510	4	2003-08-13	2154	1
716510	148	2004-08-16	2584	3
716510	97	2004-12-09	968	1
716510	243	2006-01-18	1669	1
716611	55	2003-06-17	2954	1
716611	143	2004-04-28	8503	9
716611	104	2004-07-09	250	2
716611	269	2005-04-22	4019	2
716611	279	2005-04-22	4659	1
716667	209	2005-01-05	1949	3
716667	321	2005-08-04	5698	1
716667	188	2005-11-11	2574	1
716667	466	2006-03-14	3378	1
716688	59	2003-09-30	8608	4
716995	3	2003-02-07	2354	1
716995	167	2004-12-21	3359	3
716995	185	2005-04-15	1728	1
716995	395	2005-11-18	2428	1
717045	9	2003-01-29	1903	2
717045	59	2003-08-22	8977	6
717045	321	2005-07-26	7697	2
717274	17	2003-06-10	3143	2
717274	447	2006-05-02	6598	1
717349	7	2003-07-16	2502	3
717349	181	2005-06-07	3672	4
717349	468	2006-03-17	4278	1
717360	56	2003-10-23	10477	7
717360	320	2005-08-10	4749	1
717412	37	2003-07-16	2654	1
717412	145	2004-04-23	2834	1
717412	21	2004-05-28	2379	1
717676	29	2003-05-02	2129	1
717676	213	2004-10-08	2274	1
717676	421	2005-09-28	2069	1
717676	245	2005-11-09	1669	1
717926	37	2003-04-10	2554	1
717926	21	2004-04-27	2879	2
717926	144	2004-04-29	5709	1
717926	277	2006-05-09	2409	1
717926	281	2006-05-09	3408	2
717926	466	2006-05-09	3378	1
717962	58	2003-09-12	7778	3
717962	321	2005-07-25	5698	2
717966	60	2003-09-12	7805	7
718029	39	2003-02-28	2454	1
718029	114	2004-07-28	1824	5
718029	170	2005-04-01	812	2
718029	285	2005-11-29	2518	2
718084	8	2002-12-13	1634	1
718084	18	2003-05-29	1008	1
718084	23	2003-05-29	2379	4
718084	121	2004-01-28	264	2
718084	170	2005-03-15	963	1
718084	288	2005-05-17	2027	2
718084	525	2006-05-18	1808	1
718123	39	2003-04-15	2454	1
718123	74	2004-04-16	3549	1
718123	288	2005-05-18	2027	2
718132	37	2003-02-20	2654	1
718132	21	2003-12-18	3679	3
718132	144	2004-04-26	5709	1
718311	37	2003-09-09	2654	1
718311	243	2005-10-01	3019	1
718311	418	2005-10-10	4369	2
718371	37	2003-05-20	2554	1
718371	142	2004-04-26	5388	2
718386	38	2003-04-01	2554	1
718386	8	2003-06-25	4412	1
718386	95	2004-04-15	1374	1
718386	168	2004-05-27	1837	2
718386	68	2004-06-03	1687	2
718386	287	2005-05-16	2627	2
718386	281	2005-06-01	3659	2
718386	481	2006-05-11	1848	1
718441	220	2005-01-21	9622	3
718564	188	2004-09-23	8738	3
718639	19	2003-05-22	1498	1
718639	21	2004-05-27	2379	1
718639	223	2004-12-23	10923	3
718685	2	2002-08-30	2443	2
718685	23	2004-01-30	3098	4
718685	414	2006-03-30	2069	1
718814	138	2004-04-26	6909	3
718814	166	2004-11-09	3559	1
718814	270	2005-11-28	2319	1
718814	487	2006-05-01	4349	2
719022	37	2003-05-20	2654	1
719022	142	2004-04-26	5388	2
719036	284	2005-05-05	3918	2
719036	321	2005-08-04	7697	2
719090	23	2004-03-02	2779	2
719090	144	2004-12-03	8205	5
719100	4	2003-09-26	2154	1
719100	61	2003-10-03	12301	9
719285	144	2004-04-30	5847	3
719285	307	2005-08-10	3749	1
719285	487	2006-04-25	4349	1
719551	37	2003-09-09	2654	1
719551	243	2005-10-01	3019	1
719551	418	2005-10-10	4369	2
719706	28	2003-04-29	2318	2
719706	142	2004-07-13	5047	3
719718	5	2002-09-06	455	1
719718	23	2004-01-30	2679	2
719718	258	2005-10-14	2019	1
719718	278	2005-12-28	3359	2
719897	284	2005-08-15	450	3
719897	469	2006-03-15	12871	2
720002	21	2003-07-15	3779	1
720002	467	2006-05-03	3878	1
720097	46	2003-10-07	1854	1
720097	157	2004-04-21	2034	1
720097	66	2004-09-29	938	1
720097	274	2005-04-18	1419	2
720097	396	2006-03-13	1828	1
720097	510	2006-05-01	2998	1
720171	4	2003-09-11	2154	1
720171	160	2004-07-15	1784	1
720171	274	2005-05-11	1519	2
720171	509	2006-05-03	2298	1
720214	3	2003-03-14	2354	1
720214	179	2004-12-14	5702	3
720214	281	2005-11-15	2859	1
720391	3	2002-08-30	2254	1
720391	40	2003-01-30	2433	4
720391	22	2003-04-29	3822	8
720391	95	2004-02-09	2113	3
720391	77	2004-04-15	4217	3
720391	271	2005-05-18	2219	1
720391	321	2005-08-01	5698	2
720391	480	2006-05-02	4798	2
720477	39	2003-02-28	2454	1
720477	114	2004-07-28	1824	5
720477	170	2005-04-01	812	2
720477	285	2005-11-29	2518	2
720530	58	2003-11-13	7419	2
720608	19	2003-05-13	1448	1
720608	56	2003-09-12	10477	11
720608	168	2004-05-18	1837	4
720651	3	2002-10-02	2354	1
720651	116	2004-03-16	2324	1
720651	272	2005-04-18	2319	1
720651	432	2006-05-03	2219	1
720876	58	2003-08-22	9477	6
720876	179	2004-07-29	5702	3
720876	321	2005-07-28	5698	1
720876	429	2005-09-20	5959	1
720918	24	2003-10-07	2479	2
720918	149	2004-07-27	2573	2
720918	247	2005-04-28	2134	1
721155	170	2005-03-30	1110	4
721155	179	2005-05-19	4931	4
721155	288	2005-05-26	2027	2
721155	309	2006-04-06	5148	2
721155	446	2006-05-11	2069	1
721541	284	2005-11-17	2349	1
721541	451	2006-03-15	5698	1
721541	277	2006-05-16	2409	2
721718	3	2003-02-07	2354	1
721718	167	2004-12-21	3359	3
721718	185	2005-04-15	1728	1
721718	395	2005-11-18	2428	1
721775	5	2003-07-08	1854	1
721775	193	2005-01-11	2074	1
721775	285	2005-11-08	2499	1
721775	467	2006-03-14	3878	1
722124	24	2004-02-09	3254	3
722124	149	2004-07-13	2573	2
722124	211	2005-05-10	2324	1
722124	273	2005-11-13	2069	1
722397	2	2003-07-15	2454	1
722397	75	2004-01-30	4817	3
722426	55	2003-07-02	3004	4
722426	167	2004-04-23	3198	3
722426	270	2005-10-12	3019	1
722426	446	2006-05-04	2069	1
722446	54	2003-01-14	3054	1
722446	270	2006-02-17	2319	1
722446	282	2006-05-01	2259	1
722485	22	2003-05-02	2879	1
722485	179	2004-08-19	7503	3
722485	244	2005-09-20	2369	1
722485	395	2005-11-14	2428	1
722485	392	2006-02-08	1699	1
722538	17	2003-05-14	3293	2
722538	21	2003-05-15	3679	1
722538	170	2004-07-14	1488	1
722538	179	2005-05-11	3893	4
722538	439	2006-02-08	2319	1
722776	169	2004-09-17	1763	1
722776	94	2004-11-18	1173	1
722776	290	2005-05-16	1828	1
722776	487	2006-05-10	4249	1
722897	6	2003-11-10	2004	1
722897	188	2004-10-18	5574	2
722897	492	2006-05-08	3578	1
722936	181	2005-02-14	4602	3
722936	277	2005-11-15	2859	1
723283	46	2003-10-07	1854	1
723283	157	2004-04-21	2034	1
723283	66	2004-09-29	938	1
723283	274	2005-04-18	1419	2
723283	396	2006-03-13	1828	1
723283	510	2006-05-01	2998	1
723356	18	2004-02-12	1138	2
723356	190	2004-09-17	9317	5
723356	168	2004-09-17	2010	4
723356	285	2005-12-10	3098	2
723356	437	2006-03-14	8821	1
723380	28	2003-08-08	2478	2
723380	79	2004-10-21	4048	3
723380	288	2005-05-18	2027	2
723380	525	2006-05-18	1808	1
723499	144	2004-07-16	6388	2
723499	270	2005-10-21	3019	1
723615	58	2003-12-05	7419	2
723728	38	2003-05-30	2554	1
723728	146	2004-05-03	2798	3
723728	271	2005-04-18	2219	1
723728	483	2006-04-28	2219	1
723789	129	2004-06-25	1579	2
723789	181	2005-04-29	4643	4
723789	313	2005-09-20	1699	1
724137	37	2003-05-20	2799	2
724137	58	2003-08-22	9143	4
724137	139	2004-04-28	6538	2
724137	179	2004-07-27	6881	4
724137	287	2005-05-19	2328	1
724137	429	2005-09-20	5959	1
724137	313	2005-09-20	1699	1
724137	467	2006-03-20	3878	1
724258	94	2005-01-06	1539	1
724258	185	2005-07-12	1828	1
724258	285	2005-11-18	2668	2
724258	412	2006-03-14	2169	1
724258	467	2006-03-14	3878	1
724370	39	2003-03-12	2504	4
724370	23	2003-11-07	2779	1
724370	144	2004-04-26	6937	6
724370	66	2004-07-14	938	2
724702	21	2004-03-14	3978	2
724702	178	2004-07-16	7752	3
724702	426	2005-09-20	6159	1
724702	269	2006-02-15	2669	2
724702	410	2006-02-15	2269	1
725016	7	2002-09-06	1754	1
725016	43	2002-11-05	1854	1
725016	29	2003-05-02	2129	1
725016	122	2004-01-28	1674	1
725016	142	2004-04-28	4909	1
725016	157	2004-04-28	2034	1
725016	209	2004-10-11	1774	2
725016	233	2005-04-19	1584	1
725016	274	2005-04-19	1619	2
725016	313	2005-08-23	2349	1
725016	456	2006-02-13	1619	3
725016	414	2006-04-25	1969	1
725106	56	2003-11-07	8419	1
725201	37	2003-09-09	2654	1
725201	306	2005-07-21	649	1
725201	418	2005-10-10	4369	2
725201	244	2005-11-11	2519	1
725208	222	2005-02-05	13148	2
725241	55	2003-05-30	2954	1
725241	143	2004-04-26	9375	6
725241	269	2005-07-07	3919	1
725241	279	2005-07-19	4559	1
725241	488	2006-04-28	5349	2
725366	6	2003-05-22	1904	1
725366	24	2004-01-30	3507	5
725366	212	2004-10-19	2294	1
725366	283	2005-11-15	4229	1
725366	279	2005-11-15	4229	1
725366	426	2005-11-15	6409	1
725378	96	2004-01-30	1324	1
725378	30	2004-05-26	1353	1
725378	170	2005-02-12	1463	1
725378	288	2005-05-16	1628	3
725378	192	2005-08-29	1524	1
725378	409	2005-10-04	2269	1
725378	482	2006-05-12	898	1
725441	58	2003-09-09	7419	1
725585	3	2003-01-29	2254	1
725585	116	2004-01-28	2324	1
725585	66	2004-02-09	1788	2
725585	492	2006-05-12	3578	1
725623	28	2003-04-29	2279	1
725623	142	2004-07-13	5086	4
725650	47	2003-03-12	1704	1
725650	147	2004-04-25	2534	3
725650	513	2006-05-04	4898	1
725751	38	2003-02-28	2574	2
725751	21	2004-06-08	2404	1
725751	180	2004-07-30	4777	3
725751	284	2005-07-12	3749	2
725751	321	2005-08-05	5698	2
725751	467	2006-03-14	3878	1
725794	31	2003-09-03	3772	2
725794	83	2004-08-23	5216	2
725876	5	2003-01-30	1954	1
725876	181	2004-08-11	6131	4
725876	322	2005-09-20	5409	1
725876	228	2005-10-26	1544	1
725876	412	2006-02-07	2169	1
725876	487	2006-04-14	4349	1
726230	46	2003-09-29	3758	4
726230	144	2004-08-11	6808	2
726230	277	2005-07-08	3329	2
726230	281	2005-07-27	3329	1
726263	29	2003-08-29	3018	4
726263	106	2004-07-14	974	1
726263	278	2005-05-04	2979	1
726263	282	2005-05-04	2979	1
726430	28	2003-08-08	2517	3
726430	79	2004-10-21	4048	3
726430	288	2005-05-18	2027	2
726430	525	2006-05-18	1808	1
726448	39	2003-02-21	2454	1
726448	147	2004-04-21	2634	1
726448	22	2004-05-27	1829	1
726448	287	2005-04-22	2727	3
726448	481	2006-05-10	1848	1
726495	30	2003-05-15	1979	1
726495	148	2004-10-02	2834	2
726495	181	2005-04-14	4302	6
726495	276	2005-04-18	3499	1
726495	280	2005-04-18	3499	1
726495	301	2005-07-22	349	1
726495	290	2005-08-08	2327	2
726495	208	2005-09-20	1794	3
726495	244	2005-10-26	1569	2
726495	412	2006-02-07	2169	1
726495	466	2006-03-27	3378	1
726495	487	2006-04-14	4349	1
726495	309	2006-05-10	2577	1
726516	68	2003-09-19	1588	2
726516	4	2003-11-14	2154	1
726516	98	2004-11-16	953	1
726516	167	2005-03-03	1859	1
726516	170	2005-03-21	1061	3
726516	181	2005-05-26	4302	5
726516	288	2005-09-20	2127	2
726516	421	2005-09-28	2069	2
726516	270	2006-01-27	2069	1
726516	270	2006-03-15	2069	1
726516	527	2006-05-18	2408	1
726745	19	2003-05-13	1483	2
726745	168	2004-05-18	1788	1
726745	288	2005-07-19	2127	2
726745	524	2006-05-18	2008	1
726818	58	2003-08-27	8006	5
726875	2	2003-01-30	2354	1
726875	22	2004-05-25	1868	2
726875	66	2004-07-31	1088	1
726875	100	2004-10-28	839	2
726875	84	2005-03-24	2971	2
726875	258	2005-10-28	320	1
726875	510	2006-05-01	2223	1
726960	6	2003-07-29	2004	1
726960	36	2003-07-29	4848	2
726960	116	2004-07-28	1224	2
726960	179	2005-05-02	3593	3
726960	417	2005-09-20	3569	2
726960	296	2005-09-30	2848	2
726960	284	2005-12-05	2498	2
727050	61	2003-08-27	11719	1
727050	418	2005-09-28	4369	1
727050	505	2006-05-04	7198	1
727064	42	2003-09-29	2054	1
727064	142	2004-04-26	5138	2
727064	145	2005-02-14	2359	1
727064	421	2005-09-30	2069	1
727097	66	2004-03-31	1638	2
727097	179	2004-07-23	6802	3
727124	21	2003-05-02	4767	6
727124	172	2004-07-14	5000	1
727124	421	2005-09-27	2069	1
727258	143	2004-06-29	8309	1
727258	94	2004-11-13	1173	1
727258	283	2005-07-25	4559	1
727258	243	2005-09-17	3019	1
727258	467	2006-03-20	3878	1
727281	100	2004-12-08	937	1
727281	421	2005-09-29	2069	1
727281	285	2005-10-24	4198	2
727355	54	2003-02-20	3409	1
727355	138	2004-04-26	6909	3
727355	166	2004-11-09	3559	1
727355	270	2005-11-28	2319	1
727355	487	2006-05-01	4349	2
727404	143	2004-05-24	9787	3
727448	56	2003-10-07	8618	2
727448	310	2006-04-13	350	1
727582	36	2003-07-29	4848	2
727582	6	2003-07-29	2004	1
727582	116	2004-07-28	2224	2
727582	179	2005-05-02	3593	3
727582	417	2005-09-20	3569	2
727582	284	2005-12-05	2498	2
727746	38	2003-04-22	2604	4
727746	76	2004-04-15	2749	1
727746	246	2005-10-28	1769	1
727843	3	2002-08-30	2154	1
727843	76	2004-01-30	4317	3
727843	22	2004-02-09	3687	6
727843	271	2005-05-25	2219	1
727843	480	2006-05-01	4798	1
728266	21	2003-05-02	4733	5
728266	172	2004-07-14	5000	1
728266	421	2005-09-27	2069	1
728505	93	2004-01-29	4649	1
728505	177	2004-07-27	9531	4
728541	3	2002-07-25	2443	2
728541	93	2004-09-28	5068	4
728541	269	2005-05-19	3919	1
728559	2	2002-08-30	2443	2
728559	23	2004-01-30	3098	4
728559	414	2006-03-30	2069	1
728707	94	2004-09-07	1539	1
728707	268	2005-06-23	5019	1
728707	516	2006-04-28	11149	1
728877	37	2003-06-10	2654	1
728877	170	2004-04-28	1538	1
728877	186	2005-05-23	1528	2
728877	288	2005-05-23	1628	2
728877	523	2006-05-18	1608	1
728886	75	2004-02-10	4748	3
728886	269	2006-01-05	2669	2
728886	487	2006-04-28	4349	1
728981	36	2003-06-06	4887	3
728981	134	2004-07-20	2963	4
728981	284	2005-06-21	3749	1
729055	36	2003-06-26	5339	3
729055	93	2004-07-20	4649	1
729055	289	2005-06-06	2627	2
729055	522	2006-05-10	8249	1
729055	505	2006-05-10	7098	1
729055	526	2006-05-18	2108	1
729080	166	2004-04-24	3359	2
729080	488	2006-05-01	5349	1
729249	5	2003-11-07	2153	2
729249	166	2004-10-27	3584	2
729249	287	2005-10-12	2727	2
729317	57	2003-08-27	8019	1
729317	321	2006-03-01	7697	4
729631	39	2003-01-31	2454	1
729631	144	2004-04-26	5709	1
729654	61	2003-09-05	13777	6
729654	36	2004-01-09	5358	3
729654	143	2004-07-20	10175	5
729654	321	2005-12-30	5698	1
730181	49	2003-01-31	1589	3
730181	200	2005-02-05	1599	4
730181	285	2005-11-08	2499	1
730181	466	2006-03-24	3378	1
730237	3	2003-02-06	2254	1
730237	21	2004-02-23	4683	5
730237	94	2004-07-14	6474	2
730237	208	2004-10-18	2694	2
730237	417	2005-10-21	3569	1
730237	270	2005-11-13	2769	1
730237	505	2006-04-28	7098	2
730403	103	2004-12-28	898	2
730403	145	2005-02-25	1809	2
730403	170	2005-04-04	1710	4
730403	244	2005-11-04	1849	2
730403	277	2005-12-23	3329	1
730403	281	2005-12-23	3329	1
730407	67	2003-11-07	1888	2
730407	144	2004-07-14	5709	1
730487	139	2004-06-28	8086	4
730527	5	2003-10-22	2253	2
730527	139	2004-08-17	7837	3
730564	40	2003-01-03	2354	1
730564	181	2005-05-31	3602	3
730564	410	2005-09-20	2269	2
730746	57	2003-09-16	9917	4
730830	17	2003-01-22	3054	1
730830	144	2004-04-26	6388	2
730830	426	2005-10-19	6409	1
730830	467	2006-03-16	3878	1
730863	6	2002-11-05	1304	1
730863	46	2003-01-31	1704	1
730863	23	2003-05-29	2193	5
730863	66	2004-02-09	1238	2
730863	170	2004-04-28	1587	2
730863	180	2004-07-16	5731	5
730863	209	2004-11-19	1324	2
730863	288	2005-05-16	2027	2
730863	246	2005-05-31	1234	3
730863	409	2005-09-20	2329	1
730863	282	2006-02-22	3167	3
730863	465	2006-03-16	3078	1
730939	37	2003-06-10	2654	1
730939	170	2004-04-28	1538	1
730939	288	2005-05-23	1628	2
730939	186	2005-05-23	1528	2
730939	523	2006-05-18	1608	1
730999	39	2003-02-26	2454	1
730999	74	2004-01-29	3649	1
730999	244	2005-02-15	1934	2
730999	181	2005-05-20	3343	4
730999	288	2005-09-20	1728	1
730999	288	2005-09-20	2329	1
730999	478	2006-04-20	3998	1
731172	118	2004-08-03	2524	2
731172	179	2004-11-14	7503	2
731175	273	2006-01-28	2349	2
731175	505	2006-05-02	7098	1
731201	40	2003-01-31	2478	6
731201	179	2004-07-26	6431	5
731201	66	2004-09-30	938	2
731201	281	2005-09-21	3409	2
731215	46	2003-10-07	1854	1
731215	27	2004-05-10	2418	3
731215	160	2004-07-20	1823	2
731215	260	2005-06-09	1719	1
731490	6	2002-07-24	1354	1
731490	48	2002-10-31	804	1
731490	23	2003-05-02	2074	4
731490	128	2004-01-28	1399	2
731490	87	2004-04-27	1949	1
731490	137	2004-04-28	4909	2
731490	158	2004-05-13	335	1
731490	209	2004-10-12	1674	3
731490	244	2005-04-18	1384	2
731490	273	2005-04-18	1419	3
731490	317	2005-08-19	1649	1
731490	406	2005-11-15	1469	1
731490	433	2006-02-13	1419	1
731490	465	2006-03-16	3078	1
731689	168	2004-04-30	1837	2
731689	100	2004-12-15	937	1
731689	181	2005-05-13	3043	3
731689	411	2006-01-25	2269	1
731710	18	2004-01-06	1298	1
731710	139	2004-05-17	6358	2
732301	135	2004-03-15	2398	1
732301	144	2004-05-24	6188	2
732301	321	2005-07-20	5698	1
732306	37	2003-04-10	2654	1
732306	142	2004-04-28	4909	1
732331	18	2004-01-14	1298	1
732331	169	2004-07-15	1812	3
732331	290	2005-05-16	2227	2
732331	487	2006-05-10	4249	2
732516	40	2003-01-30	2389	2
732516	179	2004-07-22	5881	5
732516	421	2005-09-28	2069	1
732632	116	2004-07-06	2324	2
732632	207	2004-11-16	3219	3
732632	418	2005-09-30	4369	1
732775	40	2003-01-31	2354	1
732775	181	2004-07-23	4148	2
732775	479	2006-04-14	4898	1
732955	59	2003-09-30	8608	4
732990	58	2003-08-22	7419	1
733065	129	2003-11-07	1604	3
733065	100	2004-12-03	937	1
733065	179	2005-06-02	3993	3
733065	308	2005-08-12	3649	1
733216	39	2003-03-11	2454	1
733216	88	2004-04-21	1849	1
733216	477	2006-04-25	3998	1
733286	52	2003-03-05	1254	1
733286	65	2004-04-27	1597	3
733286	162	2004-04-27	1598	3
733286	170	2004-05-06	1687	3
733286	291	2005-05-17	2027	2
733310	37	2003-04-23	2654	1
733310	168	2004-07-13	1838	1
733310	179	2005-05-13	5255	3
733317	40	2002-11-20	2354	1
733317	25	2004-06-24	1329	1
733317	142	2004-07-13	6676	7
733317	274	2005-07-07	2219	2
733317	462	2006-04-26	5598	1
733344	58	2003-09-11	7419	1
733450	67	2003-11-05	1988	3
733450	185	2005-08-12	1828	1
733450	305	2005-08-12	20	1
733450	395	2005-11-18	2428	1
733450	487	2006-05-09	4349	1
733797	144	2004-04-26	6287	4
733797	220	2004-12-09	5574	1
733797	488	2006-04-17	5349	1
733810	40	2003-04-23	2354	1
733810	167	2004-04-22	3384	3
733810	270	2005-04-15	2919	1
733841	21	2004-02-19	3779	2
733841	488	2006-05-04	5349	1
734070	472	2006-03-31	8171	1
734125	55	2003-08-14	2954	1
734125	149	2004-04-22	2583	3
734125	272	2005-04-27	2219	1
734160	23	2003-05-02	2074	4
734160	128	2004-01-28	1399	2
734160	87	2004-04-27	1949	1
734160	137	2004-04-28	4909	2
734160	158	2004-05-13	1934	1
734160	209	2004-10-12	1674	3
734160	244	2005-04-18	1384	2
734160	273	2005-04-18	1419	3
734160	317	2005-08-19	1649	1
734160	406	2005-11-15	1469	1
734160	433	2006-02-13	1419	1
734160	465	2006-03-16	3078	1
734289	17	2003-05-14	3054	1
734289	36	2003-05-15	5059	3
734289	93	2004-01-30	5107	3
734289	321	2005-08-03	5698	1
734321	38	2003-02-21	2749	5
734321	146	2004-04-21	2798	3
734321	172	2004-05-07	5000	1
734321	306	2005-08-03	649	1
734358	5	2003-02-25	1954	1
734358	38	2003-04-09	2554	1
734358	23	2004-02-09	2779	1
734358	157	2004-09-13	2059	1
734358	209	2005-07-29	2324	2
734358	274	2006-02-07	1319	2
734358	495	2006-04-27	1719	1
734375	37	2003-01-24	2454	1
734375	74	2004-04-16	3649	1
734375	417	2005-12-27	3569	1
734447	37	2003-07-16	2654	1
734447	145	2004-04-23	2834	1
734447	21	2004-05-28	2418	2
734814	55	2003-05-16	2954	1
734814	221	2004-12-07	6174	2
734814	147	2005-01-25	1734	2
734814	421	2005-09-28	2069	1
734851	55	2003-05-08	3004	4
734851	185	2005-07-08	928	2
734851	310	2005-08-03	3349	4
734888	6	2002-11-05	1304	1
734888	46	2003-01-31	1704	1
734888	23	2003-05-29	2154	4
734888	66	2004-02-09	1238	2
734888	170	2004-04-28	1587	2
734888	180	2004-07-16	5731	5
734888	209	2004-11-19	1324	2
734888	288	2005-05-16	2027	2
734888	246	2005-05-31	1234	3
734888	409	2005-09-20	2329	1
734888	282	2006-02-22	3167	3
734888	465	2006-03-16	3078	1
734892	6	2002-12-13	1679	1
734892	96	2004-01-30	1324	1
734892	30	2004-05-26	1392	2
734892	170	2005-02-12	1463	1
734892	288	2005-05-16	1628	3
734892	192	2005-08-29	1524	1
734892	409	2005-10-04	2269	1
734892	482	2006-05-12	898	1
734976	22	2004-05-24	2879	1
734976	212	2005-05-05	2294	1
734976	281	2006-05-05	2409	1
735378	25	2003-07-09	2579	1
735378	142	2004-07-13	5126	4
735378	487	2006-05-09	4349	1
735426	22	2003-05-29	3707	5
735426	242	2005-04-25	3934	2
735482	66	2004-03-31	1638	2
735482	179	2004-07-23	6802	3
735582	284	2005-05-05	3918	2
735582	321	2005-08-04	7697	2
735583	58	2003-08-22	9143	4
735583	87	2004-10-07	169	2
735583	181	2005-04-01	4802	4
735583	321	2005-08-11	5698	1
735583	288	2005-09-20	2127	2
735628	19	2003-05-13	1547	2
735628	116	2004-05-18	2099	2
735628	169	2004-11-17	1762	2
735628	290	2005-05-17	2227	2
735719	33	2003-04-30	2078	3
735719	142	2004-07-13	5477	4
735719	487	2006-04-28	4349	1
735808	38	2003-03-28	2504	1
735808	61	2003-11-07	10863	3
735808	189	2004-10-20	9323	3
735895	29	2003-08-29	3018	4
735895	106	2004-07-14	974	1
735895	282	2005-05-04	2979	1
735895	278	2005-05-04	2979	1
735953	36	2003-08-26	5698	5
735953	179	2005-05-31	4381	4
735953	321	2005-08-02	5698	1
736077	142	2004-04-26	5388	2
736077	170	2005-03-21	963	2
736077	248	2005-05-16	1684	1
736077	210	2005-09-19	1394	2
736213	24	2004-01-07	2629	1
736213	94	2004-11-16	1572	2
736213	284	2005-10-26	3048	2
736279	4	2003-09-16	2154	1
736279	190	2004-09-21	6589	1
736283	29	2003-05-02	2168	2
736283	213	2004-10-08	2274	1
736283	421	2005-09-28	2069	1
736283	245	2005-11-09	1669	1
736298	438	2006-03-28	7171	1
736377	36	2003-08-26	5737	6
736377	179	2005-05-31	4381	4
736377	321	2005-08-02	5698	1
736399	2	2003-04-15	2553	2
736399	116	2003-11-17	2418	3
736399	219	2004-12-06	1698	3
736399	283	2005-04-18	4659	1
736707	36	2003-11-17	5154	3
736707	418	2005-10-03	4369	1
737057	38	2003-02-21	2749	5
737057	146	2004-04-21	2759	2
737057	172	2004-05-07	5000	1
737057	306	2005-08-03	649	1
737064	139	2005-03-08	8287	3
737064	243	2005-07-15	2919	1
737243	18	2003-10-28	1248	1
737243	170	2004-05-21	1488	1
737243	284	2005-05-12	4517	3
737243	417	2005-11-18	3569	1
737267	39	2003-04-04	2454	1
737267	147	2004-04-21	2634	1
737267	22	2004-05-27	1829	1
737267	287	2005-04-22	2328	3
737279	277	2006-03-06	4018	2
737279	281	2006-03-06	3329	1
737333	55	2003-05-08	3004	4
737333	185	2005-07-08	1828	2
737333	310	2005-08-03	3349	4
737348	39	2003-03-12	2504	4
737348	23	2003-11-07	2779	1
737348	144	2004-04-26	6937	6
737348	66	2004-07-14	938	2
737596	17	2002-07-24	3054	1
737596	179	2004-07-23	5543	4
737636	144	2004-06-02	5938	2
737636	308	2005-08-18	3649	1
737673	21	2004-05-28	2418	2
737673	144	2004-07-13	5709	1
737673	192	2005-07-08	1524	1
737673	244	2005-11-09	1669	1
737673	322	2005-11-17	3659	1
737673	411	2006-02-08	1652	1
737673	434	2006-03-29	1319	1
737677	55	2003-06-17	2954	1
737677	143	2004-04-28	8503	9
737677	269	2005-04-22	4019	2
737677	279	2005-04-22	4659	1
737802	67	2003-11-07	1888	2
737802	144	2004-07-14	5709	1
738303	25	2003-05-20	2618	2
738303	87	2004-09-29	2218	2
738303	203	2005-02-03	1274	1
738303	288	2005-06-22	2127	2
738303	244	2005-11-09	1669	1
738303	431	2006-02-13	1719	2
738303	412	2006-04-19	2269	1
739866	22	2003-05-29	3668	4
739866	242	2005-04-25	3934	2
740061	40	2003-01-24	2394	3
740061	144	2004-04-26	6887	3
740061	417	2005-11-30	3569	1
740517	5	2003-08-29	2054	1
740517	24	2004-01-30	2618	3
740517	144	2004-07-13	5709	2
740517	66	2004-08-02	1088	1
740517	220	2004-12-10	5574	3
740517	157	2005-02-21	1110	1
740517	277	2005-12-14	2859	1
740517	281	2005-12-14	2859	1
740517	246	2006-01-17	1070	2
740727	21	2003-04-30	3978	2
740727	281	2005-04-20	3659	1
740922	69	2004-07-09	2437	3
740922	96	2004-11-24	1189	1
740922	145	2005-02-08	1834	2
740922	306	2005-06-04	649	1
740922	260	2005-06-29	1719	1
740922	397	2006-04-25	1928	1
740922	277	2006-05-08	3217	3
740934	13	2003-01-14	1554	1
740934	195	2005-03-14	3673	1
740934	270	2005-11-16	3819	3
740958	17	2003-01-29	2954	1
740958	93	2004-01-30	6217	3
740958	418	2005-09-29	4369	1
740994	37	2003-05-27	2654	1
740994	155	2004-04-21	2134	1
740994	180	2005-03-16	4402	6
740994	271	2005-12-08	1719	1
740994	489	2006-05-18	2149	1
741015	17	2003-01-22	3054	1
741015	144	2004-04-26	6388	2
741015	426	2005-10-19	6409	1
741015	467	2006-03-16	3878	1
741630	55	2003-01-30	2869	2
741630	148	2004-09-28	2873	3
741630	272	2005-04-18	2219	1
741994	39	2003-04-01	2504	4
741994	154	2004-06-21	2209	2
741994	278	2005-04-25	3359	1
742355	463	2006-03-28	2319	1
742355	277	2006-04-28	3098	2
742355	281	2006-04-28	3408	2
742439	56	2003-08-27	8872	4
742439	219	2005-01-20	1698	1
742597	144	2004-07-13	6109	1
742597	220	2004-12-10	5574	1
742597	277	2006-01-18	2859	1
742597	281	2006-01-18	2859	1
742694	24	2003-10-07	2479	2
742694	149	2004-07-27	2534	1
742694	247	2005-04-28	2134	1
742876	179	2005-05-05	3752	5
742876	279	2006-05-15	3647	3
742880	17	2002-07-26	2779	1
742880	165	2004-05-11	4834	1
742880	268	2005-04-15	4919	1
742880	500	2006-05-04	4919	1
742994	5	2003-12-02	2054	1
742994	285	2005-11-18	2349	1
742994	410	2006-03-14	2169	1
742994	467	2006-03-14	3878	1
742995	17	2002-07-31	3004	1
742995	36	2003-04-25	5198	4
742995	63	2003-10-16	10361	8
742995	143	2004-04-26	5358	2
742995	116	2004-08-23	3343	9
742995	191	2004-09-17	11196	5
742995	321	2005-07-25	7697	2
742995	428	2005-11-02	8309	1
742995	283	2006-02-24	2859	1
742995	467	2006-03-14	3878	1
743156	37	2003-08-08	2674	2
743156	57	2003-09-12	9424	3
743156	179	2005-05-31	4222	4
743785	114	2004-02-25	6824	2
743785	321	2005-08-11	5698	1
743830	24	2003-05-22	3126	4
743830	277	2006-05-02	2409	1
743830	281	2006-05-02	2409	1
744259	277	2006-03-06	4018	2
744259	281	2006-03-06	3329	1
744337	21	2003-10-31	3818	5
744337	290	2005-07-05	2327	3
744337	481	2006-05-10	1848	1
744365	19	2003-05-22	2897	2
744365	321	2005-07-19	5698	1
744510	139	2005-03-31	8076	4
744510	243	2005-11-14	2119	1
744605	36	2003-06-26	5339	3
744605	93	2004-07-20	4649	1
744605	289	2005-06-06	2627	2
744605	522	2006-05-10	8249	1
744605	505	2006-05-10	7098	1
744605	526	2006-05-18	2108	1
744672	20	2003-04-29	4159	3
744672	19	2003-04-30	1448	1
744672	3	2003-05-14	755	1
744672	170	2004-07-14	987	2
744672	144	2005-05-25	6286	4
744672	321	2005-07-19	5698	1
744703	58	2004-02-09	9118	6
744703	281	2005-04-27	2949	1
744703	277	2005-04-27	2999	1
744717	24	2003-07-03	2679	1
744717	144	2004-07-19	5886	4
744717	487	2006-05-11	4349	1
744905	23	2003-05-30	2779	1
744905	144	2004-07-13	6188	2
745264	39	2003-04-04	2454	1
745264	147	2004-04-21	2634	1
745264	22	2004-05-27	1829	1
745264	287	2005-04-22	2328	3
745264	526	2006-05-18	2108	1
745332	6	2003-05-22	1904	1
745332	24	2004-01-30	3507	5
745332	212	2004-10-19	2294	1
745332	426	2005-11-15	6409	1
745332	283	2005-11-15	4229	1
745332	279	2005-11-15	4229	1
745420	18	2004-03-29	748	1
745420	168	2004-05-18	1987	3
745420	271	2005-05-17	2219	1
745420	480	2006-05-02	4798	1
745479	36	2003-04-29	5159	3
745479	17	2003-07-17	3054	1
745514	13	2003-01-30	1454	1
745514	39	2003-01-31	2454	1
745514	24	2004-02-19	2679	2
745514	164	2004-04-25	1719	8
745514	221	2004-12-03	6174	6
745514	258	2005-12-15	1469	1
745514	236	2005-12-29	894	2
745514	442	2006-02-13	1419	1
745516	21	2003-05-20	3079	4
745516	93	2004-09-28	4843	2
745516	179	2005-05-25	5803	4
745516	288	2005-06-23	2127	2
745516	209	2005-10-17	1074	1
745516	245	2005-12-30	1394	1
745516	409	2006-04-19	2269	1
745516	431	2006-04-19	2319	1
745693	62	2003-09-16	10863	3
746015	62	2003-09-16	11012	3
746105	18	2004-03-29	748	1
746105	168	2004-05-18	1837	2
746105	271	2005-05-17	2219	1
746105	480	2006-05-02	4798	1
746280	24	2004-02-09	3293	4
746280	149	2004-07-13	2534	1
746280	211	2005-05-10	874	1
746280	273	2005-11-13	2069	1
747121	17	2002-07-26	3054	1
747121	165	2004-05-11	4834	1
747121	268	2005-04-15	4919	1
747121	500	2006-05-04	4919	1
747450	3	2003-01-08	2354	1
747450	95	2004-01-30	2113	2
747450	76	2004-01-30	2918	2
747450	271	2005-05-19	2319	1
747450	480	2006-05-01	4798	1
747554	56	2003-08-26	8538	2
747637	188	2004-10-12	5574	1
747637	492	2006-05-08	3578	1
747672	17	2003-05-14	1455	1
747672	36	2003-05-15	5098	4
747672	93	2004-01-30	5107	3
747672	321	2005-08-03	5698	1
747759	5	2003-11-20	2054	1
747759	66	2004-08-20	1088	1
747759	170	2005-03-24	762	2
747759	288	2006-03-22	2127	2
747759	443	2006-05-11	1469	1
748034	222	2004-12-01	6574	1
748034	146	2005-01-28	1759	1
748225	57	2003-09-16	9917	4
748289	21	2003-07-15	3779	1
748289	467	2006-05-03	3878	1
748558	134	2004-04-16	2774	2
748558	166	2004-04-23	3334	1
748558	269	2005-04-15	3919	1
749193	181	2005-02-14	4602	3
749193	277	2005-11-15	2859	1
749230	61	2003-09-05	13777	6
749230	36	2004-01-09	5358	3
749230	143	2004-07-20	10175	5
749230	321	2005-12-30	5698	1
749332	146	2005-01-28	1798	2
749332	271	2005-06-24	2319	1
749332	412	2006-04-25	1652	1
749332	467	2006-04-27	3878	1
749339	17	2003-01-30	2954	1
749339	39	2003-01-31	2454	1
749339	24	2004-02-09	2679	2
749409	21	2003-11-10	3886	6
749409	76	2004-11-19	3307	3
749409	281	2006-04-27	3258	2
749564	55	2003-07-02	3004	4
749564	167	2004-04-23	3159	2
749564	270	2005-10-12	3019	1
749564	446	2006-05-04	2069	1
749620	36	2003-11-17	5193	4
749620	418	2005-10-03	4369	1
749758	42	2003-01-28	2054	1
749758	65	2004-04-16	1288	2
749758	0	2004-11-18	20	1
749758	212	2004-11-23	2194	1
749758	273	2005-11-13	2069	1
749758	460	2006-05-04	1919	1
750056	4	2003-09-11	2154	1
750056	321	2005-08-03	5698	2
750371	23	2003-05-30	2779	1
750371	144	2004-07-13	6188	2
750412	279	2005-11-08	4229	3
750412	283	2005-11-08	4229	3
750562	40	2003-01-31	2354	1
750562	56	2004-01-16	8419	1
750562	79	2005-03-11	1849	1
750562	285	2005-04-25	4048	2
750636	5	2003-11-07	853	2
750636	166	2004-10-27	3584	2
750636	287	2005-10-12	2727	2
750951	40	2003-01-30	2433	4
750951	22	2003-04-29	4002	6
750951	95	2004-02-09	2113	2
750951	77	2004-04-15	4217	3
750951	66	2004-10-23	788	1
750951	271	2005-05-18	1719	1
750951	480	2006-05-02	4798	1
751341	21	2004-04-27	4573	4
751341	185	2005-04-21	2026	3
751341	417	2005-11-17	3469	1
751431	19	2003-05-22	1498	1
751431	21	2004-05-27	2379	1
751431	223	2004-12-23	10923	3
751472	116	2003-11-07	2404	3
751472	147	2004-11-14	2784	2
751472	178	2004-11-15	6952	4
751472	291	2005-09-20	1728	1
751473	448	2006-04-20	7798	1
751815	159	2004-05-27	1884	1
751815	139	2004-12-07	6658	3
751815	281	2005-07-08	3329	1
751815	277	2005-07-08	3329	1
751917	62	2003-09-16	12297	4
752033	55	2003-02-21	2954	1
752033	166	2004-04-21	3334	1
752033	142	2004-04-26	5588	2
752629	56	2003-09-19	8778	3
752703	40	2003-01-24	4762	1
752703	167	2005-03-03	1959	1
752703	185	2005-04-14	1528	2
752703	246	2005-11-18	1769	1
752703	396	2006-02-08	1728	1
752735	24	2004-01-06	3073	3
752735	144	2004-08-23	6109	1
752735	279	2005-07-07	4559	2
752786	5	2003-12-02	2054	1
752786	18	2004-02-09	1248	1
752786	66	2004-05-10	1388	2
752786	23	2004-06-02	3259	2
752786	170	2004-07-14	1488	1
752786	152	2004-11-19	2398	2
752786	186	2004-11-23	1278	1
752786	288	2005-05-17	2027	5
752786	181	2005-06-27	5443	3
752786	246	2005-09-20	2319	1
752786	408	2005-09-20	2069	1
752834	4	2003-09-11	2154	1
752834	160	2004-07-15	1784	1
752834	274	2005-05-11	1519	2
752834	509	2006-05-03	2298	1
752997	37	2003-04-10	2554	1
752997	21	2004-04-27	2879	2
752997	144	2004-04-29	5709	1
752997	190	2005-11-05	2275	1
752997	277	2006-05-09	2409	1
752997	281	2006-05-09	3408	2
752997	466	2006-05-09	3378	1
753064	56	2003-08-27	8419	1
753064	305	2005-08-08	20	1
753064	321	2005-08-08	5698	4
753198	3	2003-02-07	2254	1
753198	20	2004-02-14	3574	5
753198	147	2005-01-18	2459	1
753198	409	2006-02-27	2269	2
753219	144	2004-04-26	5938	2
753219	487	2006-05-01	4349	1
753400	24	2004-02-12	2679	1
753400	278	2005-05-19	3059	1
753400	282	2005-05-19	2959	1
753453	170	2005-01-26	1563	1
753453	321	2005-08-03	5698	1
753470	55	2003-06-05	2954	1
753470	144	2004-04-28	5709	1
753505	284	2005-08-15	450	3
753505	469	2006-03-15	12871	2
753573	56	2003-08-27	8872	4
753573	219	2005-01-20	1698	1
753763	188	2004-10-07	5574	1
753763	86	2005-04-04	1249	1
753763	284	2006-01-10	2948	2
753763	430	2006-03-14	7671	1
754256	207	2005-08-03	3299	2
754256	441	2006-04-14	4019	1
754304	25	2003-05-20	2579	1
754304	87	2004-09-29	2218	2
754304	203	2005-02-03	1274	1
754304	288	2005-06-22	2127	2
754304	244	2005-11-09	1669	1
754304	431	2006-02-13	1719	2
754304	412	2006-04-19	2269	1
754329	39	2003-01-31	2454	1
754329	144	2004-04-26	5709	1
754366	128	2004-04-08	1624	1
754366	87	2004-11-15	2407	3
754366	264	2005-05-19	1219	1
754366	476	2006-05-02	2298	1
754379	17	2003-05-29	2954	1
754379	36	2004-01-30	5093	5
754379	281	2006-05-12	2978	2
754508	26	2003-07-15	2577	3
754508	170	2004-07-14	1586	3
754508	260	2005-05-17	1619	1
754508	489	2006-04-28	3949	2
754574	18	2004-01-09	1298	1
754574	139	2004-05-17	6358	2
754627	38	2004-02-09	2519	2
754627	117	2004-04-16	2368	4
754627	182	2004-07-30	5452	6
754740	54	2003-02-25	3204	4
754740	140	2004-04-28	10775	5
754740	269	2005-07-07	3919	1
754740	279	2005-07-07	4559	2
754740	488	2006-05-01	5349	1
754865	94	2005-01-06	1539	1
754865	185	2005-07-12	1828	1
754865	285	2005-11-18	2668	2
754865	412	2006-03-14	2169	1
754865	467	2006-03-14	3878	1
754879	33	2003-04-29	2143	3
754879	154	2004-07-14	1459	1
754879	213	2005-01-10	2274	1
754879	509	2006-04-26	3098	2
754926	116	2004-04-16	2099	2
754926	114	2004-07-06	1824	1
754926	166	2004-08-24	3309	2
754926	170	2005-02-08	963	1
754926	269	2005-05-16	3919	1
754926	209	2005-10-26	774	1
754926	505	2006-05-01	7098	2
754926	279	2006-05-03	2958	2
754926	283	2006-05-03	2988	2
754950	38	2003-03-25	2608	3
754950	167	2004-08-10	5997	3
754972	17	2003-05-29	2954	1
754972	36	2004-01-30	5059	4
754972	281	2006-05-12	2978	2
755114	21	2004-02-19	3779	2
755114	488	2006-05-04	5349	1
755185	139	2004-08-17	7837	3
755276	145	2005-02-07	1809	1
755276	279	2005-04-18	4119	2
755276	283	2005-04-18	4119	2
755285	118	2004-08-03	2524	2
755285	179	2004-11-14	4849	1
755318	144	2004-04-26	6287	4
755318	220	2004-12-09	5574	1
755318	488	2006-04-17	5349	1
755891	3	2002-07-25	2443	2
755891	93	2004-09-28	5068	4
755891	269	2005-05-19	3919	1
755949	19	2003-05-13	1448	1
755949	56	2003-09-12	10477	11
755949	168	2004-05-18	1837	4
756089	58	2003-08-22	7419	1
756219	17	2003-01-29	2929	1
756219	93	2004-01-30	6217	3
756219	418	2005-09-29	4369	1
756346	5	2003-02-25	1954	1
756346	38	2003-04-09	2454	1
756346	23	2004-02-09	480	1
756346	157	2004-09-13	2059	1
756346	209	2005-07-29	1274	2
756346	274	2006-02-07	1319	2
756346	495	2006-04-27	1719	1
756411	54	2003-01-29	3054	1
756411	479	2006-05-12	4898	1
756496	37	2003-02-20	2654	1
756496	21	2003-12-18	3679	3
756496	144	2004-04-26	5709	1
756906	179	2004-08-19	7503	3
756906	244	2005-09-20	2369	1
756906	395	2005-11-14	2428	1
756906	392	2006-02-08	1699	1
756940	5	2003-07-08	2054	1
756940	193	2005-01-11	2074	1
756940	285	2005-11-08	2499	1
756940	467	2006-03-14	3878	1
757049	144	2004-04-26	5709	1
757049	283	2006-05-05	3059	2
757203	37	2003-05-27	2654	1
757203	142	2004-04-26	4909	1
757604	18	2003-08-29	1298	1
757604	168	2004-05-18	1788	1
757604	320	2005-08-03	4749	1
757669	3	2003-02-06	2254	1
757669	21	2004-02-23	4683	5
757669	94	2004-07-14	6474	2
757669	208	2004-10-18	2694	2
757669	417	2005-10-21	3569	1
757669	270	2005-11-13	2769	1
757669	505	2006-04-28	7098	2
757889	119	2004-08-16	2424	1
757889	179	2004-11-14	4849	1
758090	29	2004-01-24	2458	2
758090	125	2004-08-13	1924	1
758090	198	2005-02-23	1774	1
758090	258	2006-01-18	1469	1
759314	274	2006-01-27	1719	1
759314	470	2006-03-20	9271	1
759853	142	2004-04-27	6257	5
759853	278	2005-04-23	3359	1
760018	40	2003-01-03	2199	4
760018	66	2004-04-17	89	2
760018	181	2004-10-07	4802	6
760018	410	2005-09-21	2269	2
760018	246	2005-09-21	1969	1
760279	21	2004-05-28	2379	1
760279	209	2005-09-28	1424	2
760279	222	2005-11-09	2574	2
760279	277	2006-05-08	2409	1
760387	4	2003-12-12	1204	1
760387	142	2005-04-21	5286	4
760387	77	2005-05-06	1350	1
760387	278	2005-05-25	3059	2
760387	282	2005-05-25	3059	1
760394	45	2003-04-17	1904	1
760394	142	2004-04-29	4909	1
760394	189	2005-11-05	2275	1
760394	277	2006-05-09	2409	1
760394	281	2006-05-09	3408	3
760394	466	2006-05-09	3378	1
761011	19	2003-05-30	1547	2
761011	67	2003-09-19	1987	4
761011	179	2004-07-29	4849	1
761011	166	2004-11-19	3459	1
761011	287	2005-04-29	2627	2
761011	417	2006-04-20	3569	1
761168	139	2004-04-30	7876	4
761297	179	2005-05-05	3752	5
761297	279	2006-05-15	3647	3
761415	195	2005-03-22	1999	2
761415	277	2006-01-20	2859	1
761415	281	2006-01-20	2859	1
761472	56	2003-10-23	11332	9
761472	179	2004-09-20	4849	1
761472	169	2004-09-20	1861	4
761472	0	2004-10-13	2002	8
761472	284	2005-09-20	3499	1
761572	3	2003-01-31	755	1
761572	82	2004-01-30	2349	1
761572	179	2005-05-25	6002	3
761572	288	2005-09-20	1728	1
761572	412	2006-02-07	2269	1
761572	478	2006-05-10	3898	1
761572	481	2006-05-12	1848	1
761773	6	2003-08-27	2004	1
761773	179	2004-09-07	7031	4
761773	210	2005-09-20	1699	2
761773	308	2005-09-20	3549	1
761773	272	2005-11-13	1719	1
761773	487	2006-05-01	4349	2
761836	49	2003-01-31	1589	3
761836	200	2005-02-05	1599	4
761836	285	2005-11-08	2499	1
761836	466	2006-03-24	3378	1
761838	58	2003-09-09	7419	1
761900	54	2003-01-29	3054	1
761900	505	2006-05-12	7198	2
762040	119	2004-08-20	2584	1
762040	188	2004-11-14	8723	3
762040	284	2005-12-12	2549	1
762290	37	2003-09-09	2654	1
762290	306	2005-07-21	649	1
762290	418	2005-10-10	4369	2
762290	244	2005-11-11	2519	1
762290	464	2006-03-15	250	1
762365	136	2004-03-14	1198	1
762365	143	2004-10-11	9109	1
762379	320	2005-12-15	4749	1
762379	467	2006-04-21	3878	1
762490	6	2003-12-09	1129	1
762490	23	2004-05-18	2604	3
762490	139	2004-11-23	6786	8
762490	77	2005-05-06	1350	1
762490	278	2005-05-25	3059	2
762490	282	2005-05-25	3059	2
762531	2	2003-04-15	2553	2
762531	116	2003-11-17	2379	2
762531	219	2004-12-06	1698	3
762531	283	2005-04-18	4659	1
762810	15	2002-08-09	1254	1
762810	12	2004-01-12	1654	1
762810	151	2005-01-10	1959	1
762810	228	2005-11-16	2569	1
762810	320	2006-03-01	4749	1
762879	74	2004-03-05	4107	3
762879	0	2005-03-30	25	1
762879	211	2005-09-10	1319	3
762879	421	2005-09-28	2069	1
762879	245	2005-11-09	1669	1
763787	40	2002-11-05	2354	1
763787	179	2004-07-26	6802	6
763787	309	2005-10-31	3649	1
763857	22	2003-04-29	4002	6
763857	95	2004-02-09	2113	2
763857	77	2004-04-15	4167	3
763857	66	2004-10-23	813	1
763857	271	2005-05-18	1719	1
763857	480	2006-05-02	4798	1
763961	19	2003-05-13	1547	2
763961	116	2004-05-18	2099	2
763961	169	2004-11-17	1762	2
763961	290	2005-05-17	2227	2
764372	37	2003-05-29	5088	3
764372	147	2004-10-28	5383	2
764418	144	2004-06-02	5938	2
764418	308	2005-08-18	3649	1
764561	56	2003-09-19	8778	3
764562	36	2003-06-17	4779	1
764562	144	2004-07-26	6109	1
764562	145	2004-09-23	3084	2
764562	245	2005-12-19	1424	2
764595	39	2003-04-01	2504	4
764595	154	2004-06-21	2209	2
764595	278	2005-04-25	3359	1
764660	18	2004-01-06	1298	1
764660	139	2004-05-17	6358	2
764869	24	2004-01-21	3112	4
764869	144	2004-08-23	6109	1
764869	278	2005-07-07	3259	2
765511	66	2004-02-09	1488	2
765511	220	2004-11-30	5574	1
765511	284	2005-12-14	2948	2
765511	488	2006-04-24	5349	1
765772	37	2003-07-25	2694	3
765772	168	2004-08-19	1838	1
765772	290	2005-05-16	2227	2
765772	431	2006-05-10	2219	1
765878	144	2004-06-29	7476	4
765878	391	2006-02-21	2349	1
770803	278	2005-04-18	2979	1
770803	282	2005-04-18	2979	1
770803	271	2005-08-16	2319	1
770803	467	2006-04-27	3878	1
771132	118	2004-08-09	2588	3
771132	207	2005-04-13	3274	1
771132	418	2005-10-07	4369	1
772169	69	2004-07-09	2437	3
772169	96	2004-11-24	1189	1
772169	145	2005-02-08	1873	3
772169	306	2005-06-04	649	1
772169	260	2005-06-29	1719	1
772169	397	2006-04-25	1928	1
772169	277	2006-05-08	3217	3
773592	21	2004-02-17	4483	4
773592	189	2004-10-27	10222	4
773592	285	2005-12-09	2668	2
773592	411	2006-03-14	1652	1
773592	437	2006-03-14	8821	1
774118	145	2005-02-11	3259	1
774118	243	2005-11-14	3919	1
774118	448	2006-02-22	7774	1
774311	3	2003-01-31	2354	1
774311	82	2004-01-30	2349	1
774311	179	2005-05-25	2502	3
774311	288	2005-09-20	1728	1
774311	412	2006-02-07	2269	1
774311	478	2006-05-10	3898	1
774311	481	2006-05-12	1848	1
774503	306	2005-08-13	649	1
774503	247	2005-08-15	2369	1
774503	482	2006-05-08	1498	1
774503	510	2006-05-08	3098	1
774586	191	2004-10-08	11052	4
774859	40	2003-02-27	2439	5
774859	179	2004-07-26	6457	3
774859	179	2004-07-26	79	1
774859	283	2005-09-20	3763	1
775006	19	2003-05-13	1448	1
775006	170	2004-05-18	1488	1
775006	291	2005-06-22	2027	2
775006	510	2006-05-10	2998	1
775089	38	2003-04-29	2554	1
775089	146	2004-04-21	2734	1
775089	211	2005-04-15	1599	1
775089	410	2005-11-14	2169	1
775203	54	2003-01-14	2954	1
775203	93	2004-01-23	4749	1
775203	207	2004-11-03	3224	1
775203	269	2005-05-18	3919	2
775203	320	2005-08-17	4749	1
775203	505	2006-05-04	7098	1
775203	524	2006-05-19	2058	1
775330	144	2004-05-12	5938	2
775330	126	2004-11-13	1524	1
775330	278	2005-07-20	3259	1
775330	274	2006-02-09	1719	1
775373	48	2003-01-17	1189	2
775373	285	2005-04-22	3649	1
775373	181	2005-05-05	3043	5
775373	321	2005-07-22	5698	1
775373	465	2006-03-14	3078	1
775492	37	2003-05-27	2654	1
775492	142	2004-04-26	4909	1
775674	21	2004-05-28	2379	1
775674	209	2005-09-28	1424	2
775674	222	2005-11-09	2574	2
775674	277	2006-05-08	2409	1
775714	43	2003-01-31	1919	2
775714	28	2003-11-04	2279	1
775714	100	2004-01-17	749	3
775714	154	2004-09-22	2434	2
775720	68	2004-01-24	1588	2
775720	79	2004-11-19	2759	4
775720	288	2005-05-18	2027	4
775720	180	2005-05-23	3543	6
775807	57	2003-08-26	8044	2
775807	190	2004-09-23	9738	3
775807	321	2005-07-20	5698	1
775841	20	2003-04-29	4159	3
775841	19	2003-04-30	1448	1
775841	3	2003-05-14	2354	1
775841	170	2004-07-14	987	2
775841	144	2005-05-25	2586	4
775841	321	2005-07-19	5698	1
775919	40	2003-01-24	2394	3
775919	144	2004-04-26	6887	3
775919	417	2005-11-30	3569	1
776090	74	2004-03-05	4107	3
776090	0	2005-03-30	25	1
776090	211	2005-09-10	1319	3
776090	421	2005-09-28	2069	1
776090	245	2005-11-09	1669	1
776100	17	2003-05-14	2954	1
776100	36	2003-05-14	4874	3
776100	66	2004-10-18	963	1
776100	166	2004-11-19	3459	1
776100	97	2004-12-09	968	1
776100	269	2006-03-08	2669	1
776139	37	2003-05-27	2454	1
776139	155	2004-04-21	2134	1
776139	180	2005-03-16	4402	6
776139	271	2005-12-08	1719	1
776139	489	2006-05-18	2149	1
776216	56	2003-08-26	8778	3
776216	321	2005-07-19	5698	1
776315	40	2002-11-20	2354	1
776315	25	2004-06-24	1329	1
776315	142	2004-07-13	6676	7
776315	274	2005-07-07	2219	2
776315	462	2006-04-26	5598	1
776603	39	2003-12-11	2454	1
776603	174	2004-05-19	375	1
776603	21	2004-05-25	2379	1
776603	116	2004-07-27	2724	1
776603	101	2004-11-17	1378	2
776603	139	2005-06-10	6609	1
776603	208	2005-08-29	1774	1
776603	246	2005-11-15	1769	1
776603	429	2005-11-22	5959	1
776603	270	2006-02-15	2069	2
776664	56	2003-09-09	8419	1
776664	189	2004-09-21	9467	4
776664	277	2005-08-04	3659	1
776782	39	2003-02-26	2454	1
776782	179	2005-06-06	5102	3
776782	313	2005-08-29	2349	2
777164	3	2003-01-08	2354	1
777164	74	2004-01-29	5117	3
777164	272	2005-05-19	2219	2
777546	21	2004-03-14	3978	2
777546	178	2004-07-16	7752	3
777546	426	2005-09-20	6159	1
777546	269	2006-02-15	2669	2
777546	410	2006-02-15	2269	1
777708	179	2004-08-30	5048	2
777708	66	2004-09-08	1088	4
777708	147	2004-11-19	2759	1
777708	287	2005-04-22	2328	1
777777	68	2003-09-19	1588	2
777777	4	2003-11-14	754	1
777777	98	2004-11-16	953	1
777777	167	2005-03-03	1859	1
777777	170	2005-03-21	1061	3
777777	181	2005-05-26	4302	5
777777	288	2005-09-20	2127	2
777777	421	2005-09-28	2069	2
777777	270	2006-01-27	2069	1
777777	270	2006-03-15	2069	1
777777	527	2006-05-18	2408	1
777801	140	2004-04-26	9388	2
777851	92	2004-09-16	7806	4
777857	139	2004-09-14	6838	2
777857	242	2005-07-08	2699	2
777904	179	2004-08-30	5048	2
777904	66	2004-09-08	1088	4
777904	147	2004-11-19	2759	1
777904	287	2005-04-22	2328	1
777938	21	2003-06-05	3848	2
777938	178	2005-05-02	4631	10
778024	169	2004-09-17	1763	1
778024	94	2004-11-18	1173	1
778024	290	2005-05-16	1828	1
778024	487	2006-05-10	4249	1
778184	143	2004-09-14	9247	3
778285	92	2004-09-16	7806	4
778337	167	2004-10-04	3359	1
778337	270	2005-04-15	2919	1
778337	452	2006-05-04	2219	1
778517	159	2004-11-22	2173	3
778517	181	2005-06-14	3949	1
778517	282	2005-09-22	3059	1
778517	278	2005-09-22	3059	1
778884	222	2004-12-01	6574	1
778884	146	2005-01-28	1759	1
779019	170	2005-03-14	1786	4
779019	288	2005-05-17	3127	1
779019	179	2005-05-31	3593	5
779019	482	2006-05-12	2797	1
779146	179	2004-07-23	5543	4
779146	467	2006-03-22	3878	2
779397	189	2004-09-27	9656	6
779446	179	2005-04-12	5702	3
779446	313	2005-09-20	1699	1
779492	179	2005-04-12	5702	3
779492	313	2005-09-20	1699	1
779522	189	2004-09-27	9656	6
779523	166	2004-09-27	3559	1
779523	287	2005-04-29	2228	2
779523	514	2006-05-10	1648	1
779523	488	2006-05-10	5249	1
779719	166	2004-09-27	3559	1
779719	287	2005-04-29	2228	2
779719	514	2006-05-10	1648	1
779719	488	2006-05-10	5249	1
779873	93	2004-01-27	4918	2
779873	269	2005-05-19	2669	1
779873	467	2006-04-27	3878	1
780419	213	2005-01-12	4318	3
780419	308	2006-01-06	6948	1
780495	20	2004-01-21	3879	1
780495	307	2006-01-27	3649	1
780495	437	2006-02-11	8821	1
781304	142	2004-12-01	6426	4
781304	278	2005-07-07	3259	1
781446	142	2004-12-01	6426	4
781446	278	2005-07-07	3259	1
781584	144	2004-06-03	5938	2
781584	208	2005-09-19	1469	2
781584	412	2005-11-14	2169	1
781754	221	2005-01-24	6174	1
781754	79	2005-04-01	2649	1
781843	321	2005-08-01	7697	2
781846	38	2004-01-14	2604	4
781846	139	2005-02-11	7088	2
781846	487	2006-05-08	4349	1
781896	116	2004-07-19	2263	3
781896	144	2005-01-03	7296	5
781896	277	2005-07-18	3659	1
781896	429	2005-08-16	12409	2
781896	285	2005-10-07	4248	3
781896	430	2006-01-25	7671	1
781896	500	2006-04-25	5019	1
782216	21	2004-02-11	4722	5
782216	134	2004-07-13	2924	2
782216	94	2004-11-14	1389	1
782216	208	2004-11-16	2574	1
782576	153	2004-11-24	2464	2
782576	88	2005-04-22	1149	3
782576	291	2005-06-29	1728	1
782576	442	2006-03-22	1519	1
782576	523	2006-05-18	1608	1
783079	152	2005-01-24	2459	2
783079	242	2005-04-28	4019	2
783079	431	2006-02-12	2219	1
783557	147	2005-02-08	1709	1
783557	278	2005-04-18	3059	1
783557	282	2005-11-30	3059	1
783937	73	2004-02-13	3918	2
783937	281	2005-05-25	3329	1
783937	277	2005-05-25	3329	1
784257	18	2004-03-18	748	1
784257	246	2005-11-09	1769	1
784257	398	2006-02-08	2228	1
784257	309	2006-05-08	2956	2
784378	139	2004-05-14	6309	1
784378	402	2005-11-17	1829	1
784860	76	2004-02-27	2849	1
784860	271	2005-05-18	2219	2
784860	409	2005-10-03	2269	1
784860	481	2006-05-04	1848	1
785035	144	2004-06-29	7476	4
785035	391	2006-02-21	2349	1
785103	24	2004-02-11	5012	2
785103	278	2005-08-05	6358	1
785109	73	2004-02-13	3918	2
785109	281	2005-05-25	3329	1
785109	277	2005-05-25	3329	1
785173	117	2004-02-13	2299	2
785173	170	2004-11-17	1513	1
785173	288	2005-05-17	1628	1
785173	481	2006-05-11	1848	2
785189	0	2004-03-02	2779	1
785189	144	2004-12-03	8205	5
785275	89	2004-02-12	3248	2
785275	262	2006-02-03	1169	1
785275	510	2006-05-04	2998	2
785366	5	2003-12-03	2688	2
785366	93	2004-01-29	4649	1
785366	177	2004-07-27	9531	4
785406	76	2004-03-05	4248	7
785406	258	2005-05-19	1469	2
785406	478	2006-05-01	3998	2
785445	25	2004-03-12	2579	2
785445	145	2005-02-28	2423	3
785445	285	2005-10-14	3649	1
785445	462	2006-03-14	5574	1
785533	19	2003-05-30	1547	2
785533	67	2003-09-19	1987	4
785533	179	2004-07-29	4849	1
785533	166	2004-11-19	3459	1
785533	287	2005-04-29	2627	2
785533	417	2006-04-20	3569	1
785941	74	2004-03-24	3818	2
785941	290	2005-05-18	2227	2
785941	481	2006-05-11	1848	1
786165	4	2003-09-16	2154	1
786165	190	2004-09-21	6589	1
786219	26	2003-05-20	2518	2
786219	88	2004-07-13	3248	3
786219	274	2005-05-19	1419	4
786219	420	2005-10-03	1829	1
786219	236	2006-01-04	894	2
786219	476	2006-05-01	2298	2
786279	3	2004-01-14	2354	1
786279	177	2005-05-02	7349	1
786279	427	2005-09-20	8659	1
786279	285	2006-01-13	2349	1
786535	21	2004-02-19	4392	5
786535	207	2004-10-25	3274	3
786727	139	2004-07-06	6309	1
786727	209	2005-09-13	1399	1
786825	139	2004-07-06	6309	1
786825	209	2005-09-13	1399	1
787099	273	2006-01-28	2349	2
787099	505	2006-05-02	7098	1
787151	73	2004-04-12	5317	3
787151	321	2006-01-13	5698	2
787670	167	2004-10-04	3398	2
787670	270	2005-04-15	2919	1
787670	452	2006-05-04	2219	1
788010	169	2004-08-11	1738	1
788010	290	2005-05-17	2227	2
788010	178	2005-07-27	4643	3
788087	21	2004-06-07	2418	2
788087	84	2004-08-21	2299	1
788087	258	2005-08-09	1169	2
788087	211	2005-09-02	1619	2
788250	74	2004-03-24	3818	2
788250	290	2005-05-18	2227	2
788250	481	2006-05-11	1848	1
788507	23	2004-05-26	1800	1
788507	151	2005-01-05	1959	1
788507	179	2005-06-04	3993	3
788507	272	2006-01-25	1719	1
788819	76	2004-03-05	4248	7
788819	258	2005-05-19	1469	2
788819	478	2006-05-01	3998	2
788849	18	2004-01-09	1298	1
788849	139	2004-05-17	6358	2
788968	246	2005-11-23	1799	2
788968	412	2006-02-07	2169	1
788968	277	2006-02-22	3559	1
788998	38	2004-01-14	2604	4
788998	139	2005-02-11	7088	2
788998	487	2006-05-08	4349	1
789050	26	2004-02-27	2379	2
789050	94	2004-07-14	1474	1
789050	77	2005-04-13	1549	2
789050	211	2005-05-04	874	1
789050	419	2005-09-28	4369	2
789050	282	2006-04-21	2518	2
789484	26	2004-02-27	2379	2
789484	94	2004-07-14	1474	1
789484	77	2005-04-13	1549	2
789484	211	2005-05-04	2324	1
789484	419	2005-09-28	4369	2
789484	282	2006-04-21	2518	2
789508	38	2004-02-09	2519	2
789508	117	2004-04-16	580	3
789508	182	2004-07-30	5452	8
789581	62	2004-02-25	12019	1
789608	89	2004-02-12	3248	2
789608	262	2006-02-03	1169	1
789608	510	2006-05-04	2998	2
789755	21	2004-02-11	4683	4
789755	134	2004-07-13	2924	2
789755	94	2004-11-14	1389	1
789755	208	2004-11-16	2574	1
789857	115	2004-04-01	2463	2
789857	98	2004-11-22	953	1
789857	212	2005-02-28	2194	1
789857	412	2005-11-14	2169	1
789933	117	2004-02-13	2299	2
789933	170	2004-11-17	1513	1
789933	288	2005-05-17	1628	1
789933	481	2006-05-11	1848	2
789990	167	2004-11-12	3359	1
789990	270	2006-02-17	3819	1
790582	18	2003-10-28	1248	1
790582	170	2004-05-21	1488	1
790582	284	2005-05-12	4517	3
790582	417	2005-11-18	3569	1
790711	207	2005-04-04	3299	2
790711	283	2005-11-08	4559	1
790864	116	2004-03-22	4542	8
790864	0	2004-12-20	25	1
790864	169	2005-01-20	1812	2
790864	288	2005-05-16	2027	2
791009	144	2004-06-21	5938	2
791009	321	2006-03-04	5857	2
791289	188	2004-10-30	5574	1
791289	421	2005-09-28	2069	1
791360	139	2004-10-29	8376	5
791360	308	2005-08-01	3649	1
791360	243	2006-01-03	1669	1
791360	271	2006-03-09	1719	1
791360	464	2006-03-15	250	1
791758	21	2004-06-16	2562	5
791758	166	2004-07-13	3334	1
791758	242	2005-04-15	3884	1
791884	124	2004-04-08	1899	2
791884	188	2004-11-14	5574	1
792245	282	2005-04-18	2979	1
792245	278	2005-04-18	2979	1
792245	271	2005-08-16	2319	1
792245	467	2006-04-27	3878	1
792282	24	2004-06-02	1771	1
792282	144	2004-07-13	5709	1
792696	181	2004-08-23	4603	8
792696	229	2005-09-15	1919	1
792696	399	2005-11-14	1828	1
793125	164	2004-04-25	1719	5
793125	228	2005-04-20	1934	2
793125	421	2005-09-27	2069	1
793125	312	2006-02-08	2249	1
793723	115	2004-04-01	2424	1
793723	98	2004-11-22	953	1
793723	212	2005-02-28	2194	1
793723	412	2005-11-14	2169	1
794224	124	2004-04-08	1899	2
794224	188	2004-11-14	5574	1
794294	437	2006-02-06	8821	1
794296	181	2005-06-07	3672	4
794296	468	2006-03-17	4278	1
794699	207	2005-01-11	3274	1
794699	283	2005-11-08	4559	1
794699	242	2005-11-30	3319	1
794999	147	2005-02-08	1748	2
794999	278	2005-04-18	3059	1
794999	282	2005-11-30	3059	1
795007	151	2004-12-14	2559	1
795007	244	2005-04-27	2184	1
795007	307	2006-02-08	3549	1
795330	241	2005-02-24	4984	1
795330	320	2006-02-08	4649	1
795509	241	2005-02-24	4984	1
795509	320	2006-02-08	4649	1
795772	145	2005-02-25	1809	1
795772	287	2005-04-22	2727	2
795772	296	2005-10-11	2898	1
795772	468	2006-05-10	4278	1
796259	95	2004-04-16	1424	1
796259	168	2005-03-15	1863	1
796259	278	2005-05-13	2979	1
796259	282	2005-05-13	2979	1
796373	73	2004-04-12	5317	3
796373	321	2006-01-13	5698	2
796590	144	2004-05-12	5938	2
796590	126	2004-11-13	1524	1
796590	278	2005-07-20	3259	1
796590	274	2006-02-09	1719	1
796622	29	2004-05-13	2129	1
796622	179	2005-04-29	6302	8
796622	278	2006-02-13	3359	1
797105	94	2004-09-01	1539	1
797105	147	2004-09-29	2859	1
797105	288	2005-05-24	2027	2
797105	421	2005-09-27	2069	1
798016	77	2005-04-13	1549	1
798016	208	2005-05-23	2574	2
798016	270	2005-07-14	3019	1
798404	147	2004-07-19	2634	1
798404	279	2005-12-15	4659	1
798502	74	2004-04-19	5048	2
798502	179	2005-05-25	2532	3
798503	139	2004-09-14	6838	2
798503	242	2005-07-08	2699	2
798699	178	2005-06-07	4872	4
798699	320	2005-09-20	4649	1
798721	276	2005-06-09	7558	1
799050	212	2005-06-15	2314	2
799050	278	2005-11-09	3059	1
799050	282	2005-11-09	3059	1
799092	212	2005-06-15	2324	2
799092	282	2005-11-09	3059	1
799092	278	2005-11-09	3059	1
799184	169	2005-01-12	1812	2
799184	284	2005-05-11	3749	1
799184	391	2006-03-14	2249	1
799185	169	2005-01-12	1812	2
799185	284	2005-05-11	3749	1
799185	391	2006-03-14	2249	1
799993	77	2004-05-11	2749	1
799993	288	2005-06-22	2127	2
799993	506	2006-05-10	2998	1
800085	144	2004-05-18	7366	4
800223	168	2004-06-22	1988	2
800223	179	2005-05-13	3593	3
800223	288	2005-05-16	2027	2
800223	478	2006-05-10	3898	1
800223	514	2006-05-12	1648	1
800365	144	2004-04-26	5938	2
800365	487	2006-05-01	4349	1
800766	144	2004-05-18	7366	4
800877	140	2004-04-26	9388	2
800970	74	2004-04-27	3599	1
800970	211	2005-05-23	1724	1
800970	466	2006-05-17	3378	1
800980	115	2004-04-28	2424	1
800980	167	2005-03-04	1959	1
800980	243	2005-08-18	3019	1
801032	115	2004-04-28	2424	1
801032	167	2005-03-04	1959	1
801032	243	2005-08-18	3019	1
801287	23	2003-09-24	2579	2
801287	144	2004-05-04	5758	2
802919	269	2005-07-22	4019	1
802919	505	2006-05-08	7098	1
802920	269	2005-07-22	4019	1
802920	505	2006-05-08	7098	1
802929	21	2004-06-16	2523	4
802929	166	2004-07-13	3334	1
802929	242	2005-04-15	3884	1
803022	286	2005-07-23	4949	1
803022	451	2006-03-14	5698	1
803023	286	2005-07-23	4949	1
803023	451	2006-03-14	5698	1
803038	246	2005-11-02	2419	1
803038	316	2006-02-08	3148	1
803038	278	2006-02-22	5358	1
803038	282	2006-02-22	5358	1
803728	168	2004-04-26	1985	4
803728	413	2006-04-27	2998	2
803728	512	2006-04-27	2398	1
804040	209	2005-03-31	2579	3
804040	285	2005-11-08	2668	2
804040	309	2005-11-17	3649	1
804082	170	2005-03-30	1110	4
804082	179	2005-05-19	4931	4
804082	288	2005-05-26	2027	2
804082	309	2006-04-06	5148	2
804082	446	2006-05-11	2069	1
804218	209	2005-03-31	2579	3
804218	285	2005-11-08	2668	2
804218	309	2005-11-17	3649	1
804228	288	2005-05-17	2027	2
804228	488	2006-05-10	5249	1
805153	167	2005-02-16	2859	1
805153	269	2006-02-08	2669	1
805153	488	2006-05-02	5349	1
805209	167	2005-01-03	3123	4
805209	244	2005-05-24	4513	2
805209	417	2005-10-20	6768	1
806063	179	2004-07-26	7631	4
806063	281	2005-09-21	3409	2
806198	139	2005-02-16	8475	5
806198	277	2006-02-07	3329	1
806198	281	2006-02-07	3329	1
806249	146	2005-02-16	2369	2
806249	146	2005-02-16	2369	2
806249	290	2005-05-02	2327	2
806249	290	2005-05-02	2327	2
807369	223	2005-05-04	10923	3
807369	419	2005-10-21	3769	1
808131	185	2005-04-15	1828	3
808131	243	2005-11-18	2119	1
808131	395	2005-11-18	2428	1
808131	392	2006-05-15	3198	2
808132	185	2005-04-15	1828	3
808132	243	2005-11-18	2119	1
808132	395	2005-11-18	2428	1
808132	392	2006-05-15	3198	2
808717	487	2006-05-19	8348	1
809574	207	2005-06-02	3329	3
809574	279	2005-11-08	4559	1
809770	178	2005-01-28	6603	3
809770	288	2005-09-20	2127	3
809770	478	2006-05-11	3898	1
810194	139	2004-05-14	6309	1
810194	402	2005-11-17	1829	1
810224	137	2004-05-15	12409	1
810224	283	2005-07-14	4229	1
810326	79	2005-02-18	2818	2
810326	180	2005-05-23	3503	2
810326	288	2005-09-20	2127	2
810326	409	2005-10-04	2269	1
810326	478	2006-05-11	3898	1
810418	119	2004-07-29	2449	2
810418	220	2004-12-08	5574	4
810418	411	2005-09-27	2069	1
810445	143	2004-07-29	8908	4
810487	167	2004-04-21	3134	1
810487	179	2004-09-03	5543	3
810500	170	2005-02-18	1563	1
810500	288	2005-05-17	2027	3
810500	488	2006-05-10	5249	1
810710	186	2005-04-21	1628	2
810710	186	2005-04-21	1628	2
810710	285	2005-11-18	2499	1
810710	285	2005-11-18	2499	1
810710	523	2006-05-19	1658	1
810789	166	2005-01-05	3559	1
810789	447	2006-03-04	6574	1
810999	166	2005-01-05	3559	1
810999	447	2006-03-04	6574	1
811990	210	2005-09-15	3094	2
811990	417	2005-09-30	6768	1
812407	145	2005-03-04	1848	2
812407	437	2006-04-17	8821	1
814276	139	2004-10-20	8287	5
814528	121	2004-07-30	2288	3
814528	147	2004-11-16	1734	2
814528	263	2005-10-11	1549	2
814528	499	2006-05-04	1919	1
814631	121	2004-07-30	2249	2
814631	147	2004-11-16	1773	3
814631	263	2005-10-11	1549	2
814631	499	2006-05-04	1919	1
815015	168	2004-04-30	1837	2
815015	100	2004-12-15	937	1
815015	181	2005-05-13	3043	3
815015	411	2006-01-25	2269	1
816223	95	2004-04-16	1424	1
816223	168	2005-03-15	1863	1
816223	278	2005-05-13	2979	1
816223	282	2005-05-13	2979	1
816335	143	2004-09-14	9247	3
816745	169	2004-08-11	1738	1
816745	290	2005-05-17	2227	2
816745	178	2005-07-27	4643	3
816922	118	2004-08-11	2549	2
816922	179	2004-08-11	7031	4
816922	429	2005-09-20	6209	1
816922	480	2006-04-14	4898	1
817041	179	2004-08-11	7031	4
817041	118	2004-08-11	2549	2
817041	429	2005-09-20	6209	1
817041	480	2006-04-14	4898	1
817157	139	2005-01-25	7088	2
817157	411	2005-11-28	2269	1
817168	143	2004-07-29	9208	3
817563	279	2005-06-11	4229	11
817563	283	2005-06-11	4229	2
818064	279	2005-06-11	4229	11
818064	283	2005-06-11	4229	2
818360	139	2005-04-22	7837	3
818408	139	2005-04-22	7837	3
818408	297	2005-07-08	2298	1
818673	170	2005-01-26	1563	1
818673	321	2005-08-03	5698	1
819719	55	2003-05-16	2954	1
819719	221	2004-12-07	6174	2
819719	147	2005-01-25	1734	2
819719	421	2005-09-28	2069	1
820191	169	2004-08-16	1937	3
820191	288	2005-05-17	1628	1
820191	488	2006-05-10	5249	1
820498	159	2004-11-22	2134	2
820498	181	2005-06-14	3949	1
820498	282	2005-09-22	3059	1
820498	278	2005-09-22	3059	1
820572	167	2004-11-29	3359	1
820572	280	2005-04-18	3499	1
820572	276	2005-04-18	3499	1
820609	177	2005-01-31	11931	4
820619	76	2004-11-22	2849	1
820619	272	2005-05-19	2219	1
820619	466	2006-04-27	3378	1
820665	68	2004-10-15	988	1
820665	170	2005-01-14	1587	2
820665	186	2005-07-07	1777	2
820665	288	2005-08-22	2127	3
820665	482	2006-05-12	1448	1
820767	76	2004-11-22	2849	1
820767	272	2005-05-19	2219	1
820767	466	2006-04-27	3378	1
821401	139	2004-10-20	8287	5
821401	480	2006-04-25	4898	1
821530	179	2005-04-05	5931	4
821530	281	2006-05-11	2409	1
821745	97	2004-12-06	1239	1
821745	208	2005-03-09	2674	1
821745	243	2005-08-09	2369	2
821745	280	2005-11-08	3859	1
821837	139	2004-12-06	6658	3
821837	277	2005-07-08	3329	1
821837	281	2005-07-08	3329	1
821838	139	2004-12-06	6658	3
821838	281	2005-07-08	3329	1
821838	277	2005-07-08	3329	1
821966	100	2004-12-08	937	1
821966	421	2005-09-29	2069	1
821966	285	2005-10-24	4198	2
823944	205	2005-09-19	1199	3
823944	246	2005-11-23	1799	2
823944	412	2006-02-07	2169	1
823944	277	2006-02-22	3559	1
825441	184	2005-01-04	12131	4
825634	184	2005-01-04	12131	4
826799	151	2004-12-14	2598	2
826799	244	2005-04-27	2184	1
826799	307	2006-02-08	3549	1
826817	177	2005-03-25	7349	2
827239	55	2003-05-30	2954	1
827239	139	2005-02-12	8287	3
827239	167	2005-03-05	1959	1
828508	37	2003-05-15	2689	3
828508	66	2004-06-07	1488	1
828508	154	2005-01-20	1984	2
828508	257	2005-04-26	1919	1
829047	139	2005-01-25	7088	2
829047	411	2005-11-28	2269	1
829091	145	2005-02-25	1809	1
829091	287	2005-04-22	2727	2
829091	468	2006-05-10	4278	1
829227	152	2005-01-24	2498	3
829227	242	2005-04-28	4019	2
829227	431	2006-02-12	2219	1
829948	505	2006-05-19	7198	1
830002	77	2005-04-13	1549	1
830002	208	2005-05-23	2574	2
830002	296	2005-06-07	2898	6
830002	270	2005-07-14	3019	1
830167	177	2005-03-25	7349	2
830178	142	2005-03-22	5338	2
830178	278	2006-05-11	2887	3
830475	74	2005-03-26	3649	1
830475	283	2005-05-25	4229	1
830475	279	2005-05-25	4229	1
830529	74	2005-03-26	3649	1
830529	283	2005-05-25	4229	1
830529	279	2005-05-25	4229	1
830922	179	2005-04-05	5931	4
830922	281	2006-05-11	2409	1
831763	271	2005-06-21	2319	1
831763	451	2006-04-26	7752	3
831763	511	2006-04-28	14938	1
831782	271	2005-06-21	2319	1
831782	451	2006-04-26	7752	3
831782	511	2006-04-28	14938	1
832368	179	2005-05-04	5543	3
832368	308	2005-09-20	3549	1
832514	179	2005-05-05	5543	3
832514	279	2005-09-21	4229	5
832514	283	2005-09-21	4229	5
832514	209	2005-10-11	1074	1
832737	270	2005-08-30	3019	1
832737	480	2006-05-01	4798	1
832771	270	2005-08-30	3019	1
832771	480	2006-05-01	4798	1
832841	270	2005-09-01	3019	1
832841	496	2006-05-02	7518	1
833014	288	2005-05-20	2127	2
833014	522	2006-05-10	8249	1
833083	142	2005-05-09	5338	3
833083	278	2005-07-14	3059	1
833083	282	2005-07-14	3059	1
833283	79	2005-02-18	2818	2
833283	180	2005-05-23	3503	2
833283	288	2005-09-20	2127	2
833283	409	2005-10-04	2269	1
833283	478	2006-05-11	3898	1
833476	207	2005-06-02	3274	2
833476	417	2005-11-14	3469	1
833476	505	2006-05-02	7198	1
834015	207	2005-06-02	3319	3
834015	279	2005-11-08	4559	1
834072	207	2005-06-02	3274	2
834072	417	2005-11-14	3469	1
834072	505	2006-05-02	7198	1
834837	185	2005-03-11	1828	1
834837	396	2005-11-18	1828	1
834837	489	2006-05-08	3949	1
834902	167	2005-02-16	2859	1
834902	269	2006-02-08	2669	1
834902	488	2006-05-02	5349	1
835172	515	2006-05-08	7349	1
835682	185	2005-03-11	1828	1
835682	396	2005-11-18	1828	1
835682	489	2006-05-08	3949	1
836304	307	2005-09-20	3649	1
836304	270	2005-11-28	3019	1
836304	488	2006-05-01	5349	2
837293	207	2005-08-03	3299	2
837293	441	2006-04-14	4019	1
838329	40	2003-01-30	2354	1
838329	74	2004-04-16	3549	1
838329	431	2006-02-06	2319	2
840266	168	2004-04-26	1985	4
840266	413	2006-04-27	2998	2
840266	512	2006-04-27	2398	1
846622	210	2005-10-18	725	2
846622	269	2005-10-18	2720	2
846622	505	2006-05-02	7098	1
847162	221	2004-12-03	6174	3
847162	258	2005-12-15	1469	1
847162	236	2005-12-29	894	2
847162	442	2006-02-13	1419	1
847612	242	2005-11-08	4019	1
847612	441	2006-02-09	3919	1
848623	284	2005-11-17	2349	1
848623	451	2006-03-15	5698	1
848623	277	2006-05-16	2409	2
853881	273	2006-03-16	1319	1
853881	505	2006-04-28	7098	1
854598	320	2005-12-15	4749	1
854598	467	2006-04-21	3878	1
854618	270	2005-12-15	5718	1
854618	397	2006-05-03	3927	1
858114	284	2006-01-10	3918	2
858114	467	2006-03-14	3878	1
858115	284	2006-01-10	3918	2
858115	467	2006-03-14	3878	1
858253	274	2006-01-23	2349	2
858253	495	2006-04-28	2219	1
858253	487	2006-05-01	4349	2
858540	274	2006-01-23	2349	2
858540	495	2006-04-28	2219	1
858540	487	2006-05-01	4349	2
860215	437	2006-02-06	8821	1
860781	438	2006-02-07	7171	2
861607	430	2006-02-13	7671	1
861666	273	2006-02-17	1719	1
861666	487	2006-05-03	3949	1
861666	467	2006-05-03	3878	1
861920	472	2006-03-27	15770	1
861923	279	2006-02-16	4229	1
861923	283	2006-02-16	4229	1
862013	273	2006-02-17	1719	1
862013	487	2006-05-03	3949	1
862013	467	2006-05-03	3878	1
862802	309	2006-03-01	3649	1
862802	480	2006-05-12	4898	1
863070	309	2006-03-01	3649	1
863070	480	2006-05-12	4898	1
863668	263	2006-03-08	1519	1
863668	297	2006-04-25	1998	1
863668	479	2006-05-01	4798	2
864397	448	2006-03-15	7774	1
864558	273	2006-03-16	1319	1
864558	505	2006-04-28	7098	1
865604	463	2006-03-28	2319	1
865604	277	2006-04-28	3098	2
865604	281	2006-04-28	3408	2
866771	472	2006-04-12	8171	2
867565	505	2006-05-15	7198	1
867604	505	2006-05-15	7198	1
868540	472	2006-04-26	8171	1
886615	515	2006-05-05	7349	1
886617	515	2006-05-05	7349	1
886788	518	2006-05-08	10271	1
886796	515	2006-05-08	7349	1
887094	505	2006-05-11	7198	1
887808	505	2006-05-19	7198	1
